{
  "date": "2026-04-09",
  "window_days": 251,
  "tickers": [
    "CMIG3.SA",
    "PLPL3.SA",
    "TEND3.SA",
    "VULC3.SA",
    "AURA33.SA",
    "MDNE3.SA",
    "PETR3.SA",
    "SAPR11.SA",
    "VALE3.SA",
    "ENEV3.SA",
    "OPCT3.SA",
    "PNVL3.SA"
  ],
  "groups": {
    "AURA33.SA": "both",
    "CMIG3.SA": "holdings",
    "ENEV3.SA": "model",
    "MDNE3.SA": "both",
    "OPCT3.SA": "model",
    "PETR3.SA": "both",
    "PLPL3.SA": "holdings",
    "PNVL3.SA": "model",
    "SAPR11.SA": "both",
    "TEND3.SA": "holdings",
    "VALE3.SA": "both",
    "VULC3.SA": "holdings"
  },
  "matrix": [
    [
      1.0,
      0.1865,
      0.214,
      0.2422,
      0.1672,
      0.2693,
      0.157,
      0.3582,
      0.1518,
      0.2084,
      0.2773,
      0.2823
    ],
    [
      0.1865,
      1.0,
      0.6206,
      0.398,
      0.2237,
      0.4995,
      0.0737,
      0.2212,
      0.1786,
      0.2613,
      0.3076,
      0.3069
    ],
    [
      0.214,
      0.6206,
      1.0,
      0.3037,
      0.1733,
      0.4941,
      0.1753,
      0.2062,
      0.0992,
      0.2794,
      0.3378,
      0.3612
    ],
    [
      0.2422,
      0.398,
      0.3037,
      1.0,
      0.0409,
      0.3444,
      0.0618,
      0.2715,
      0.1703,
      0.2605,
      0.2032,
      0.341
    ],
    [
      0.1672,
      0.2237,
      0.1733,
      0.0409,
      1.0,
      0.2283,
      -0.0292,
      0.1969,
      0.3014,
      0.06,
      0.114,
      0.1313
    ],
    [
      0.2693,
      0.4995,
      0.4941,
      0.3444,
      0.2283,
      1.0,
      0.0448,
      0.3354,
      0.1683,
      0.3562,
      0.3339,
      0.3216
    ],
    [
      0.157,
      0.0737,
      0.1753,
      0.0618,
      -0.0292,
      0.0448,
      1.0,
      0.0823,
      0.0591,
      0.0709,
      0.1623,
      0.0589
    ],
    [
      0.3582,
      0.2212,
      0.2062,
      0.2715,
      0.1969,
      0.3354,
      0.0823,
      1.0,
      0.1522,
      0.2818,
      0.2792,
      0.3341
    ],
    [
      0.1518,
      0.1786,
      0.0992,
      0.1703,
      0.3014,
      0.1683,
      0.0591,
      0.1522,
      1.0,
      0.102,
      0.1385,
      0.2806
    ],
    [
      0.2084,
      0.2613,
      0.2794,
      0.2605,
      0.06,
      0.3562,
      0.0709,
      0.2818,
      0.102,
      1.0,
      0.2667,
      0.3058
    ],
    [
      0.2773,
      0.3076,
      0.3378,
      0.2032,
      0.114,
      0.3339,
      0.1623,
      0.2792,
      0.1385,
      0.2667,
      1.0,
      0.3168
    ],
    [
      0.2823,
      0.3069,
      0.3612,
      0.341,
      0.1313,
      0.3216,
      0.0589,
      0.3341,
      0.2806,
      0.3058,
      0.3168,
      1.0
    ]
  ]
}