{
  "date": "2026-04-07",
  "window_days": 251,
  "tickers": [
    "AURA33.SA",
    "CMIG3.SA",
    "MDNE3.SA",
    "PETR3.SA",
    "PLPL3.SA",
    "SAPR11.SA",
    "TEND3.SA",
    "VALE3.SA",
    "VULC3.SA",
    "ENEV3.SA",
    "NEOE3.SA",
    "OPCT3.SA",
    "PNVL3.SA"
  ],
  "groups": {
    "AURA33.SA": "both",
    "CMIG3.SA": "both",
    "ENEV3.SA": "model",
    "MDNE3.SA": "both",
    "NEOE3.SA": "model",
    "OPCT3.SA": "model",
    "PETR3.SA": "both",
    "PLPL3.SA": "both",
    "PNVL3.SA": "model",
    "SAPR11.SA": "both",
    "TEND3.SA": "both",
    "VALE3.SA": "both",
    "VULC3.SA": "both"
  },
  "matrix": [
    [
      1.0,
      0.1508,
      0.2362,
      0.0135,
      0.2282,
      0.1955,
      0.1807,
      0.3228,
      0.0633,
      0.0657,
      0.0926,
      0.1511,
      0.1318
    ],
    [
      0.1508,
      1.0,
      0.2556,
      0.1817,
      0.1519,
      0.3735,
      0.178,
      0.16,
      0.2367,
      0.2085,
      0.2339,
      0.2825,
      0.2562
    ],
    [
      0.2362,
      0.2556,
      1.0,
      0.0837,
      0.4904,
      0.3433,
      0.4934,
      0.1845,
      0.353,
      0.3597,
      0.3126,
      0.3545,
      0.322
    ],
    [
      0.0135,
      0.1817,
      0.0837,
      1.0,
      0.0957,
      0.1083,
      0.2298,
      0.1136,
      0.1077,
      0.1017,
      0.0468,
      0.2026,
      0.096
    ],
    [
      0.2282,
      0.1519,
      0.4904,
      0.0957,
      1.0,
      0.2086,
      0.6124,
      0.1846,
      0.396,
      0.2539,
      0.2622,
      0.3173,
      0.2858
    ],
    [
      0.1955,
      0.3735,
      0.3433,
      0.1083,
      0.2086,
      1.0,
      0.2126,
      0.1638,
      0.2784,
      0.291,
      0.2784,
      0.2878,
      0.351
    ],
    [
      0.1807,
      0.178,
      0.4934,
      0.2298,
      0.6124,
      0.2126,
      1.0,
      0.109,
      0.3096,
      0.2776,
      0.2195,
      0.3682,
      0.3514
    ],
    [
      0.3228,
      0.16,
      0.1845,
      0.1136,
      0.1846,
      0.1638,
      0.109,
      1.0,
      0.1912,
      0.1094,
      0.0453,
      0.1811,
      0.2989
    ],
    [
      0.0633,
      0.2367,
      0.353,
      0.1077,
      0.396,
      0.2784,
      0.3096,
      0.1912,
      1.0,
      0.2656,
      0.244,
      0.2369,
      0.3479
    ],
    [
      0.0657,
      0.2085,
      0.3597,
      0.1017,
      0.2539,
      0.291,
      0.2776,
      0.1094,
      0.2656,
      1.0,
      0.2407,
      0.2808,
      0.3126
    ],
    [
      0.0926,
      0.2339,
      0.3126,
      0.0468,
      0.2622,
      0.2784,
      0.2195,
      0.0453,
      0.244,
      0.2407,
      1.0,
      0.2857,
      0.0853
    ],
    [
      0.1511,
      0.2825,
      0.3545,
      0.2026,
      0.3173,
      0.2878,
      0.3682,
      0.1811,
      0.2369,
      0.2808,
      0.2857,
      1.0,
      0.3345
    ],
    [
      0.1318,
      0.2562,
      0.322,
      0.096,
      0.2858,
      0.351,
      0.3514,
      0.2989,
      0.3479,
      0.3126,
      0.0853,
      0.3345,
      1.0
    ]
  ]
}