{
  "date": "2026-05-05",
  "window_days": 224,
  "tickers": [
    "JBSS32.SA",
    "MDNE3.SA",
    "NEOE3.SA",
    "PETR3.SA",
    "PETR4.SA",
    "PLPL3.SA",
    "PRNR3.SA",
    "SAPR11.SA",
    "TEND3.SA",
    "VALE3.SA",
    "VULC3.SA",
    "WEGE3.SA",
    "AMBP3.SA",
    "CMIG3.SA",
    "CXSE3.SA",
    "FRAS3.SA",
    "KLBN4.SA",
    "PRIO3.SA",
    "SLCE3.SA"
  ],
  "groups": {
    "AMBP3.SA": "both",
    "CMIG3.SA": "both",
    "CXSE3.SA": "both",
    "FRAS3.SA": "both",
    "JBSS32.SA": "holdings",
    "KLBN4.SA": "both",
    "MDNE3.SA": "holdings",
    "NEOE3.SA": "holdings",
    "PETR3.SA": "holdings",
    "PETR4.SA": "holdings",
    "PLPL3.SA": "holdings",
    "PRIO3.SA": "both",
    "PRNR3.SA": "holdings",
    "SAPR11.SA": "holdings",
    "SLCE3.SA": "model",
    "TEND3.SA": "holdings",
    "VALE3.SA": "holdings",
    "VULC3.SA": "holdings",
    "WEGE3.SA": "holdings"
  },
  "matrix": [
    [
      1.0,
      0.048,
      0.0909,
      -0.0044,
      0.003,
      0.1405,
      0.1155,
      0.1505,
      0.0606,
      0.1415,
      0.0608,
      0.1427,
      0.1269,
      0.115,
      0.1201,
      0.0283,
      0.1623,
      -0.0777,
      0.193
    ],
    [
      0.048,
      1.0,
      0.2633,
      -0.0086,
      -0.0275,
      0.5447,
      0.4544,
      0.313,
      0.588,
      0.1773,
      0.4072,
      0.1391,
      0.1156,
      0.3184,
      0.358,
      0.4045,
      0.255,
      -0.1266,
      0.0962
    ],
    [
      0.0909,
      0.2633,
      1.0,
      0.009,
      0.0141,
      0.2289,
      0.1121,
      0.1966,
      0.2315,
      0.0318,
      0.2005,
      0.0413,
      0.0098,
      0.1506,
      0.1306,
      0.1763,
      0.0588,
      0.0338,
      0.064
    ],
    [
      -0.0044,
      -0.0086,
      0.009,
      1.0,
      0.9658,
      0.0564,
      0.0177,
      0.0607,
      0.1564,
      -0.0654,
      -0.0217,
      -0.0688,
      0.0678,
      0.123,
      0.1347,
      0.133,
      0.033,
      0.5391,
      0.276
    ],
    [
      0.003,
      -0.0275,
      0.0141,
      0.9658,
      1.0,
      0.0551,
      -0.0051,
      0.0492,
      0.123,
      -0.0697,
      -0.0292,
      -0.0588,
      0.0646,
      0.1105,
      0.123,
      0.1068,
      0.025,
      0.5711,
      0.2509
    ],
    [
      0.1405,
      0.5447,
      0.2289,
      0.0564,
      0.0551,
      1.0,
      0.3152,
      0.2704,
      0.6355,
      0.2012,
      0.4096,
      0.21,
      0.1462,
      0.3188,
      0.34,
      0.3291,
      0.2657,
      -0.1171,
      0.2529
    ],
    [
      0.1155,
      0.4544,
      0.1121,
      0.0177,
      -0.0051,
      0.3152,
      1.0,
      0.3112,
      0.3502,
      0.2619,
      0.3758,
      0.2282,
      0.1318,
      0.3179,
      0.3496,
      0.4058,
      0.2724,
      0.0216,
      0.2429
    ],
    [
      0.1505,
      0.313,
      0.1966,
      0.0607,
      0.0492,
      0.2704,
      0.3112,
      1.0,
      0.2957,
      0.1479,
      0.2399,
      0.1762,
      0.1395,
      0.3467,
      0.2307,
      0.2355,
      0.1802,
      0.0134,
      0.1416
    ],
    [
      0.0606,
      0.588,
      0.2315,
      0.1564,
      0.123,
      0.6355,
      0.3502,
      0.2957,
      1.0,
      0.1127,
      0.3551,
      0.1776,
      0.1126,
      0.3442,
      0.2842,
      0.3697,
      0.1948,
      -0.0584,
      0.1994
    ],
    [
      0.1415,
      0.1773,
      0.0318,
      -0.0654,
      -0.0697,
      0.2012,
      0.2619,
      0.1479,
      0.1127,
      1.0,
      0.2041,
      0.236,
      0.0871,
      0.2315,
      0.2182,
      0.1488,
      0.3643,
      -0.103,
      0.1242
    ],
    [
      0.0608,
      0.4072,
      0.2005,
      -0.0217,
      -0.0292,
      0.4096,
      0.3758,
      0.2399,
      0.3551,
      0.2041,
      1.0,
      0.1503,
      0.0554,
      0.3302,
      0.3096,
      0.4012,
      0.2798,
      -0.086,
      0.1502
    ],
    [
      0.1427,
      0.1391,
      0.0413,
      -0.0688,
      -0.0588,
      0.21,
      0.2282,
      0.1762,
      0.1776,
      0.236,
      0.1503,
      1.0,
      -0.0262,
      0.2296,
      0.2959,
      0.1548,
      0.2151,
      -0.0239,
      0.1524
    ],
    [
      0.1269,
      0.1156,
      0.0098,
      0.0678,
      0.0646,
      0.1462,
      0.1318,
      0.1395,
      0.1126,
      0.0871,
      0.0554,
      -0.0262,
      1.0,
      0.1103,
      0.1318,
      0.1162,
      0.0993,
      -0.0204,
      0.1273
    ],
    [
      0.115,
      0.3184,
      0.1506,
      0.123,
      0.1105,
      0.3188,
      0.3179,
      0.3467,
      0.3442,
      0.2315,
      0.3302,
      0.2296,
      0.1103,
      1.0,
      0.3853,
      0.2071,
      0.2793,
      -0.035,
      0.2771
    ],
    [
      0.1201,
      0.358,
      0.1306,
      0.1347,
      0.123,
      0.34,
      0.3496,
      0.2307,
      0.2842,
      0.2182,
      0.3096,
      0.2959,
      0.1318,
      0.3853,
      1.0,
      0.353,
      0.3159,
      -0.1078,
      0.2639
    ],
    [
      0.0283,
      0.4045,
      0.1763,
      0.133,
      0.1068,
      0.3291,
      0.4058,
      0.2355,
      0.3697,
      0.1488,
      0.4012,
      0.1548,
      0.1162,
      0.2071,
      0.353,
      1.0,
      0.2509,
      0.018,
      0.1885
    ],
    [
      0.1623,
      0.255,
      0.0588,
      0.033,
      0.025,
      0.2657,
      0.2724,
      0.1802,
      0.1948,
      0.3643,
      0.2798,
      0.2151,
      0.0993,
      0.2793,
      0.3159,
      0.2509,
      1.0,
      -0.0257,
      0.2028
    ],
    [
      -0.0777,
      -0.1266,
      0.0338,
      0.5391,
      0.5711,
      -0.1171,
      0.0216,
      0.0134,
      -0.0584,
      -0.103,
      -0.086,
      -0.0239,
      -0.0204,
      -0.035,
      -0.1078,
      0.018,
      -0.0257,
      1.0,
      0.2036
    ],
    [
      0.193,
      0.0962,
      0.064,
      0.276,
      0.2509,
      0.2529,
      0.2429,
      0.1416,
      0.1994,
      0.1242,
      0.1502,
      0.1524,
      0.1273,
      0.2771,
      0.2639,
      0.1885,
      0.2028,
      0.2036,
      1.0
    ]
  ]
}