{
  "date": "2026-04-20",
  "window_days": 251,
  "tickers": [
    "CMIG3.SA",
    "MDNE3.SA",
    "PETR3.SA",
    "PLPL3.SA",
    "SAPR11.SA",
    "TEND3.SA",
    "VALE3.SA",
    "VULC3.SA",
    "AMBP3.SA",
    "CXSE3.SA",
    "KLBN4.SA",
    "PRIO3.SA",
    "SLCE3.SA",
    "WEGE3.SA"
  ],
  "groups": {
    "AMBP3.SA": "model",
    "CMIG3.SA": "both",
    "CXSE3.SA": "model",
    "KLBN4.SA": "model",
    "MDNE3.SA": "both",
    "PETR3.SA": "both",
    "PLPL3.SA": "both",
    "PRIO3.SA": "model",
    "SAPR11.SA": "both",
    "SLCE3.SA": "model",
    "TEND3.SA": "both",
    "VALE3.SA": "both",
    "VULC3.SA": "both",
    "WEGE3.SA": "model"
  },
  "matrix": [
    [
      1.0,
      0.2711,
      0.1128,
      0.19,
      0.3414,
      0.2252,
      0.1485,
      0.2471,
      0.1239,
      0.2979,
      0.246,
      0.0068,
      0.2586,
      0.1761
    ],
    [
      0.2711,
      1.0,
      0.0029,
      0.501,
      0.3252,
      0.4936,
      0.1503,
      0.3504,
      0.1075,
      0.2826,
      0.198,
      -0.0657,
      0.1444,
      0.1251
    ],
    [
      0.1128,
      0.0029,
      1.0,
      0.0403,
      0.0739,
      0.139,
      -0.0175,
      0.0391,
      0.0359,
      0.0996,
      0.0511,
      0.5335,
      0.2904,
      -0.0011
    ],
    [
      0.19,
      0.501,
      0.0403,
      1.0,
      0.211,
      0.6273,
      0.167,
      0.4036,
      0.1528,
      0.2723,
      0.2454,
      -0.0572,
      0.2306,
      0.1602
    ],
    [
      0.3414,
      0.3252,
      0.0739,
      0.211,
      1.0,
      0.2072,
      0.132,
      0.244,
      0.1327,
      0.2423,
      0.2285,
      -0.0106,
      0.1614,
      0.1139
    ],
    [
      0.2252,
      0.4936,
      0.139,
      0.6273,
      0.2072,
      1.0,
      0.0904,
      0.2986,
      0.1144,
      0.255,
      0.1422,
      -0.0203,
      0.1464,
      0.1318
    ],
    [
      0.1485,
      0.1503,
      -0.0175,
      0.167,
      0.132,
      0.0904,
      1.0,
      0.1496,
      0.0796,
      0.1404,
      0.3384,
      -0.0168,
      0.1526,
      0.2049
    ],
    [
      0.2471,
      0.3504,
      0.0391,
      0.4036,
      0.244,
      0.2986,
      0.1496,
      1.0,
      0.0473,
      0.1716,
      0.3114,
      0.0035,
      0.134,
      0.1067
    ],
    [
      0.1239,
      0.1075,
      0.0359,
      0.1528,
      0.1327,
      0.1144,
      0.0796,
      0.0473,
      1.0,
      0.1314,
      0.072,
      -0.0351,
      0.108,
      -0.0328
    ],
    [
      0.2979,
      0.2826,
      0.0996,
      0.2723,
      0.2423,
      0.255,
      0.1404,
      0.1716,
      0.1314,
      1.0,
      0.218,
      -0.1228,
      0.2282,
      0.2049
    ],
    [
      0.246,
      0.198,
      0.0511,
      0.2454,
      0.2285,
      0.1422,
      0.3384,
      0.3114,
      0.072,
      0.218,
      1.0,
      0.0433,
      0.2216,
      0.254
    ],
    [
      0.0068,
      -0.0657,
      0.5335,
      -0.0572,
      -0.0106,
      -0.0203,
      -0.0168,
      0.0035,
      -0.0351,
      -0.1228,
      0.0433,
      1.0,
      0.1938,
      0.0971
    ],
    [
      0.2586,
      0.1444,
      0.2904,
      0.2306,
      0.1614,
      0.1464,
      0.1526,
      0.134,
      0.108,
      0.2282,
      0.2216,
      0.1938,
      1.0,
      0.1757
    ],
    [
      0.1761,
      0.1251,
      -0.0011,
      0.1602,
      0.1139,
      0.1318,
      0.2049,
      0.1067,
      -0.0328,
      0.2049,
      0.254,
      0.0971,
      0.1757,
      1.0
    ]
  ]
}