{
  "date": "2026-04-10",
  "window_days": 251,
  "tickers": [
    "CMIG3.SA",
    "PLPL3.SA",
    "TEND3.SA",
    "VULC3.SA",
    "AURA33.SA",
    "MDNE3.SA",
    "PETR3.SA",
    "SAPR11.SA",
    "VALE3.SA",
    "AXIA6.SA",
    "DASA3.SA",
    "ENEV3.SA",
    "PETR4.SA",
    "PNVL3.SA"
  ],
  "groups": {
    "AURA33.SA": "both",
    "AXIA6.SA": "model",
    "CMIG3.SA": "holdings",
    "DASA3.SA": "model",
    "ENEV3.SA": "model",
    "MDNE3.SA": "both",
    "PETR3.SA": "both",
    "PETR4.SA": "model",
    "PLPL3.SA": "holdings",
    "PNVL3.SA": "model",
    "SAPR11.SA": "both",
    "TEND3.SA": "holdings",
    "VALE3.SA": "both",
    "VULC3.SA": "holdings"
  },
  "matrix": [
    [
      1.0,
      0.1864,
      0.2139,
      0.2421,
      0.1675,
      0.2691,
      0.1569,
      0.359,
      0.154,
      0.3146,
      0.1205,
      0.2088,
      0.1224,
      0.2817
    ],
    [
      0.1864,
      1.0,
      0.6206,
      0.3969,
      0.2254,
      0.4985,
      0.0697,
      0.2235,
      0.1739,
      0.3934,
      0.1822,
      0.2643,
      0.0704,
      0.3057
    ],
    [
      0.2139,
      0.6206,
      1.0,
      0.3038,
      0.1728,
      0.4945,
      0.1738,
      0.2068,
      0.1005,
      0.4203,
      0.2095,
      0.2775,
      0.1483,
      0.3617
    ],
    [
      0.2421,
      0.3969,
      0.3038,
      1.0,
      0.0424,
      0.3432,
      0.0568,
      0.2743,
      0.1643,
      0.3723,
      0.2298,
      0.2634,
      0.0466,
      0.3401
    ],
    [
      0.1675,
      0.2254,
      0.1728,
      0.0424,
      1.0,
      0.2291,
      -0.0239,
      0.1955,
      0.3168,
      0.2212,
      0.0609,
      0.06,
      -0.0272,
      0.1301
    ],
    [
      0.2691,
      0.4985,
      0.4945,
      0.3432,
      0.2291,
      1.0,
      0.0392,
      0.3379,
      0.1641,
      0.3686,
      0.2892,
      0.3567,
      0.0316,
      0.322
    ],
    [
      0.1569,
      0.0697,
      0.1738,
      0.0568,
      -0.0239,
      0.0392,
      1.0,
      0.0877,
      0.0347,
      0.0441,
      0.0683,
      0.0842,
      0.9603,
      0.0531
    ],
    [
      0.359,
      0.2235,
      0.2068,
      0.2743,
      0.1955,
      0.3379,
      0.0877,
      1.0,
      0.1672,
      0.3552,
      0.2195,
      0.2781,
      0.0546,
      0.3351
    ],
    [
      0.154,
      0.1739,
      0.1005,
      0.1643,
      0.3168,
      0.1641,
      0.0347,
      0.1672,
      1.0,
      0.279,
      0.1928,
      0.1199,
      0.0508,
      0.2837
    ],
    [
      0.3146,
      0.3934,
      0.4203,
      0.3723,
      0.2212,
      0.3686,
      0.0441,
      0.3552,
      0.279,
      1.0,
      0.2495,
      0.4175,
      0.029,
      0.4871
    ],
    [
      0.1205,
      0.1822,
      0.2095,
      0.2298,
      0.0609,
      0.2892,
      0.0683,
      0.2195,
      0.1928,
      0.2495,
      1.0,
      0.1943,
      0.0459,
      0.2455
    ],
    [
      0.2088,
      0.2643,
      0.2775,
      0.2634,
      0.06,
      0.3567,
      0.0842,
      0.2781,
      0.1199,
      0.4175,
      0.1943,
      1.0,
      0.0706,
      0.3012
    ],
    [
      0.1224,
      0.0704,
      0.1483,
      0.0466,
      -0.0272,
      0.0316,
      0.9603,
      0.0546,
      0.0508,
      0.029,
      0.0459,
      0.0706,
      1.0,
      0.0607
    ],
    [
      0.2817,
      0.3057,
      0.3617,
      0.3401,
      0.1301,
      0.322,
      0.0531,
      0.3351,
      0.2837,
      0.4871,
      0.2455,
      0.3012,
      0.0607,
      1.0
    ]
  ]
}