{
  "date": "2026-04-01",
  "window_days": 203,
  "tickers": [
    "AURA33.SA",
    "CMIG3.SA",
    "MDNE3.SA",
    "PETR3.SA",
    "PLPL3.SA",
    "SAPR11.SA",
    "TEND3.SA",
    "VULC3.SA",
    "VALE3.SA",
    "AXIA6.SA",
    "DASA3.SA",
    "ENEV3.SA",
    "JBSS32.SA",
    "PNVL3.SA",
    "VBBR3.SA"
  ],
  "groups": {
    "AURA33.SA": "holdings",
    "AXIA6.SA": "model",
    "CMIG3.SA": "holdings",
    "DASA3.SA": "model",
    "ENEV3.SA": "model",
    "JBSS32.SA": "model",
    "MDNE3.SA": "holdings",
    "PETR3.SA": "holdings",
    "PLPL3.SA": "holdings",
    "PNVL3.SA": "model",
    "SAPR11.SA": "holdings",
    "TEND3.SA": "holdings",
    "VALE3.SA": "both",
    "VBBR3.SA": "model",
    "VULC3.SA": "holdings"
  },
  "matrix": [
    [
      1.0,
      0.1492,
      0.2222,
      0.0308,
      0.2415,
      0.1991,
      0.1654,
      0.0819,
      0.3608,
      0.2486,
      0.069,
      0.0661,
      0.1298,
      0.1201,
      0.1699
    ],
    [
      0.1492,
      1.0,
      0.2869,
      0.1918,
      0.261,
      0.4075,
      0.2838,
      0.2928,
      0.2052,
      0.3168,
      0.1463,
      0.2068,
      0.0847,
      0.3078,
      0.3201
    ],
    [
      0.2222,
      0.2869,
      1.0,
      0.0268,
      0.5326,
      0.3292,
      0.554,
      0.3835,
      0.1408,
      0.4403,
      0.3191,
      0.3522,
      -0.0018,
      0.342,
      0.4057
    ],
    [
      0.0308,
      0.1918,
      0.0268,
      1.0,
      0.1164,
      0.0807,
      0.2662,
      0.0259,
      0.014,
      0.0464,
      0.0644,
      0.0624,
      0.0434,
      0.0294,
      0.1962
    ],
    [
      0.2415,
      0.261,
      0.5326,
      0.1164,
      1.0,
      0.2796,
      0.6127,
      0.4019,
      0.1781,
      0.433,
      0.1921,
      0.2766,
      0.0929,
      0.3261,
      0.4064
    ],
    [
      0.1991,
      0.4075,
      0.3292,
      0.0807,
      0.2796,
      1.0,
      0.296,
      0.2737,
      0.1986,
      0.4057,
      0.2521,
      0.2502,
      0.1074,
      0.3477,
      0.336
    ],
    [
      0.1654,
      0.2838,
      0.554,
      0.2662,
      0.6127,
      0.296,
      1.0,
      0.3234,
      0.06,
      0.4527,
      0.2463,
      0.3218,
      -0.0189,
      0.3834,
      0.4162
    ],
    [
      0.0819,
      0.2928,
      0.3835,
      0.0259,
      0.4019,
      0.2737,
      0.3234,
      1.0,
      0.1547,
      0.406,
      0.2403,
      0.2328,
      0.04,
      0.3763,
      0.3242
    ],
    [
      0.3608,
      0.2052,
      0.1408,
      0.014,
      0.1781,
      0.1986,
      0.06,
      0.1547,
      1.0,
      0.2777,
      0.1828,
      0.0763,
      0.1307,
      0.2979,
      0.1666
    ],
    [
      0.2486,
      0.3168,
      0.4403,
      0.0464,
      0.433,
      0.4057,
      0.4527,
      0.406,
      0.2777,
      1.0,
      0.2626,
      0.4315,
      0.0412,
      0.4674,
      0.4514
    ],
    [
      0.069,
      0.1463,
      0.3191,
      0.0644,
      0.1921,
      0.2521,
      0.2463,
      0.2403,
      0.1828,
      0.2626,
      1.0,
      0.2006,
      -0.0162,
      0.2572,
      0.335
    ],
    [
      0.0661,
      0.2068,
      0.3522,
      0.0624,
      0.2766,
      0.2502,
      0.3218,
      0.2328,
      0.0763,
      0.4315,
      0.2006,
      1.0,
      -0.0398,
      0.3012,
      0.3219
    ],
    [
      0.1298,
      0.0847,
      -0.0018,
      0.0434,
      0.0929,
      0.1074,
      -0.0189,
      0.04,
      0.1307,
      0.0412,
      -0.0162,
      -0.0398,
      1.0,
      0.06,
      0.0964
    ],
    [
      0.1201,
      0.3078,
      0.342,
      0.0294,
      0.3261,
      0.3477,
      0.3834,
      0.3763,
      0.2979,
      0.4674,
      0.2572,
      0.3012,
      0.06,
      1.0,
      0.4569
    ],
    [
      0.1699,
      0.3201,
      0.4057,
      0.1962,
      0.4064,
      0.336,
      0.4162,
      0.3242,
      0.1666,
      0.4514,
      0.335,
      0.3219,
      0.0964,
      0.4569,
      1.0
    ]
  ]
}