{
  "date": "2026-05-07",
  "window_days": 251,
  "tickers": [
    "CXSE3.SA",
    "FRAS3.SA",
    "MDNE3.SA",
    "NEOE3.SA",
    "AMBP3.SA",
    "CMIG3.SA",
    "KLBN4.SA",
    "PRIO3.SA",
    "SLCE3.SA",
    "PETR4.SA",
    "RANI3.SA",
    "WEGE3.SA"
  ],
  "groups": {
    "AMBP3.SA": "both",
    "CMIG3.SA": "both",
    "CXSE3.SA": "holdings",
    "FRAS3.SA": "holdings",
    "KLBN4.SA": "both",
    "MDNE3.SA": "holdings",
    "NEOE3.SA": "holdings",
    "PETR4.SA": "model",
    "PRIO3.SA": "both",
    "RANI3.SA": "model",
    "SLCE3.SA": "both",
    "WEGE3.SA": "model"
  },
  "matrix": [
    [
      1.0,
      0.3284,
      0.2988,
      0.0847,
      0.1177,
      0.3109,
      0.2529,
      -0.1083,
      0.2387,
      0.1076,
      0.2001,
      0.2888
    ],
    [
      0.3284,
      1.0,
      0.3681,
      0.1708,
      0.1076,
      0.177,
      0.2377,
      0.0145,
      0.2141,
      0.0736,
      0.3482,
      0.1725
    ],
    [
      0.2988,
      0.3681,
      1.0,
      0.3104,
      0.1116,
      0.2888,
      0.2175,
      -0.0861,
      0.1538,
      -0.0021,
      0.321,
      0.1536
    ],
    [
      0.0847,
      0.1708,
      0.3104,
      1.0,
      0.0123,
      0.1908,
      0.0875,
      0.0527,
      0.1098,
      0.0339,
      0.0914,
      0.0662
    ],
    [
      0.1177,
      0.1076,
      0.1116,
      0.0123,
      1.0,
      0.1221,
      0.0752,
      -0.0211,
      0.1048,
      0.0408,
      0.1052,
      -0.0331
    ],
    [
      0.3109,
      0.177,
      0.2888,
      0.1908,
      0.1221,
      1.0,
      0.2559,
      -0.0063,
      0.2812,
      0.0814,
      0.2149,
      0.2148
    ],
    [
      0.2529,
      0.2377,
      0.2175,
      0.0875,
      0.0752,
      0.2559,
      1.0,
      0.0045,
      0.2108,
      0.0381,
      0.3948,
      0.2132
    ],
    [
      -0.1083,
      0.0145,
      -0.0861,
      0.0527,
      -0.0211,
      -0.0063,
      0.0045,
      1.0,
      0.1956,
      0.5641,
      0.0044,
      0.0004
    ],
    [
      0.2387,
      0.2141,
      0.1538,
      0.1098,
      0.1048,
      0.2812,
      0.2108,
      0.1956,
      1.0,
      0.2498,
      0.2703,
      0.1684
    ],
    [
      0.1076,
      0.0736,
      -0.0021,
      0.0339,
      0.0408,
      0.0814,
      0.0381,
      0.5641,
      0.2498,
      1.0,
      0.0777,
      -0.0554
    ],
    [
      0.2001,
      0.3482,
      0.321,
      0.0914,
      0.1052,
      0.2149,
      0.3948,
      0.0044,
      0.2703,
      0.0777,
      1.0,
      0.1624
    ],
    [
      0.2888,
      0.1725,
      0.1536,
      0.0662,
      -0.0331,
      0.2148,
      0.2132,
      0.0004,
      0.1684,
      -0.0554,
      0.1624,
      1.0
    ]
  ]
}