{
  "date": "2026-04-02",
  "window_days": 204,
  "tickers": [
    "AURA33.SA",
    "CMIG3.SA",
    "MDNE3.SA",
    "PETR3.SA",
    "PLPL3.SA",
    "SAPR11.SA",
    "TEND3.SA",
    "VULC3.SA",
    "VALE3.SA",
    "AXIA6.SA",
    "DASA3.SA",
    "ENEV3.SA",
    "JBSS32.SA",
    "PNVL3.SA",
    "VBBR3.SA"
  ],
  "groups": {
    "AURA33.SA": "holdings",
    "AXIA6.SA": "model",
    "CMIG3.SA": "holdings",
    "DASA3.SA": "model",
    "ENEV3.SA": "model",
    "JBSS32.SA": "model",
    "MDNE3.SA": "holdings",
    "PETR3.SA": "holdings",
    "PLPL3.SA": "holdings",
    "PNVL3.SA": "model",
    "SAPR11.SA": "holdings",
    "TEND3.SA": "holdings",
    "VALE3.SA": "both",
    "VBBR3.SA": "model",
    "VULC3.SA": "holdings"
  },
  "matrix": [
    [
      1.0,
      0.1521,
      0.2206,
      0.0343,
      0.2387,
      0.198,
      0.1654,
      0.0821,
      0.3613,
      0.2476,
      0.0714,
      0.065,
      0.1255,
      0.1204,
      0.1706
    ],
    [
      0.1521,
      1.0,
      0.2831,
      0.1975,
      0.2553,
      0.4042,
      0.2832,
      0.2925,
      0.2061,
      0.3143,
      0.1508,
      0.204,
      0.077,
      0.3074,
      0.3204
    ],
    [
      0.2206,
      0.2831,
      1.0,
      0.024,
      0.5333,
      0.3296,
      0.5536,
      0.383,
      0.1401,
      0.4406,
      0.3163,
      0.3527,
      0.001,
      0.3415,
      0.4048
    ],
    [
      0.0343,
      0.1975,
      0.024,
      1.0,
      0.1113,
      0.0786,
      0.2655,
      0.0265,
      0.0155,
      0.0448,
      0.0694,
      0.0601,
      0.0359,
      0.03,
      0.1971
    ],
    [
      0.2387,
      0.2553,
      0.5333,
      0.1113,
      1.0,
      0.2803,
      0.6116,
      0.4009,
      0.1768,
      0.4332,
      0.1881,
      0.2775,
      0.097,
      0.3251,
      0.4048
    ],
    [
      0.198,
      0.4042,
      0.3296,
      0.0786,
      0.2803,
      1.0,
      0.2958,
      0.2735,
      0.1981,
      0.4059,
      0.2502,
      0.2506,
      0.1088,
      0.3475,
      0.3355
    ],
    [
      0.1654,
      0.2832,
      0.5536,
      0.2655,
      0.6116,
      0.2958,
      1.0,
      0.3234,
      0.06,
      0.4525,
      0.2461,
      0.3216,
      -0.0191,
      0.3834,
      0.4162
    ],
    [
      0.0821,
      0.2925,
      0.383,
      0.0265,
      0.4009,
      0.2735,
      0.3234,
      1.0,
      0.1548,
      0.4058,
      0.2403,
      0.2325,
      0.0391,
      0.3763,
      0.3243
    ],
    [
      0.3613,
      0.2061,
      0.1401,
      0.0155,
      0.1768,
      0.1981,
      0.06,
      0.1548,
      1.0,
      0.2773,
      0.1836,
      0.0758,
      0.1286,
      0.298,
      0.1669
    ],
    [
      0.2476,
      0.3143,
      0.4406,
      0.0448,
      0.4332,
      0.4059,
      0.4525,
      0.4058,
      0.2773,
      1.0,
      0.261,
      0.4317,
      0.0424,
      0.4671,
      0.4509
    ],
    [
      0.0714,
      0.1508,
      0.3163,
      0.0694,
      0.1881,
      0.2502,
      0.2461,
      0.2403,
      0.1836,
      0.261,
      1.0,
      0.1986,
      -0.0215,
      0.2572,
      0.3355
    ],
    [
      0.065,
      0.204,
      0.3527,
      0.0601,
      0.2775,
      0.2506,
      0.3216,
      0.2325,
      0.0758,
      0.4317,
      0.1986,
      1.0,
      -0.0375,
      0.3009,
      0.3213
    ],
    [
      0.1255,
      0.077,
      0.001,
      0.0359,
      0.097,
      0.1088,
      -0.0191,
      0.0391,
      0.1286,
      0.0424,
      -0.0215,
      -0.0375,
      1.0,
      0.059,
      0.0944
    ],
    [
      0.1204,
      0.3074,
      0.3415,
      0.03,
      0.3251,
      0.3475,
      0.3834,
      0.3763,
      0.298,
      0.4671,
      0.2572,
      0.3009,
      0.059,
      1.0,
      0.457
    ],
    [
      0.1706,
      0.3204,
      0.4048,
      0.1971,
      0.4048,
      0.3355,
      0.4162,
      0.3243,
      0.1669,
      0.4509,
      0.3355,
      0.3213,
      0.0944,
      0.457,
      1.0
    ]
  ]
}