{
  "date": "2026-05-18",
  "window_days": 251,
  "tickers": [
    "PRIO3.SA",
    "VULC3.SA",
    "AMBP3.SA",
    "CMIG3.SA",
    "CXSE3.SA",
    "KLBN4.SA",
    "PETR4.SA",
    "SLCE3.SA",
    "FRAS3.SA",
    "ISAE4.SA",
    "RADL3.SA",
    "UGPA3.SA"
  ],
  "groups": {
    "AMBP3.SA": "both",
    "CMIG3.SA": "both",
    "CXSE3.SA": "both",
    "FRAS3.SA": "model",
    "ISAE4.SA": "model",
    "KLBN4.SA": "both",
    "PETR4.SA": "both",
    "PRIO3.SA": "holdings",
    "RADL3.SA": "model",
    "SLCE3.SA": "both",
    "UGPA3.SA": "model",
    "VULC3.SA": "holdings"
  },
  "matrix": [
    [
      1.0,
      -0.0823,
      -0.0195,
      0.0096,
      -0.1113,
      -0.0116,
      0.5496,
      0.1941,
      0.0172,
      -0.0408,
      -0.0854,
      0.1267
    ],
    [
      -0.0823,
      1.0,
      0.0485,
      0.3165,
      0.3113,
      0.2815,
      -0.0109,
      0.1511,
      0.4028,
      0.4066,
      0.3027,
      0.3593
    ],
    [
      -0.0195,
      0.0485,
      1.0,
      0.1168,
      0.1097,
      0.0811,
      0.0358,
      0.1101,
      0.1203,
      0.182,
      0.0707,
      0.1041
    ],
    [
      0.0096,
      0.3165,
      0.1168,
      1.0,
      0.307,
      0.2588,
      0.1037,
      0.2546,
      0.1879,
      0.4191,
      0.2,
      0.3167
    ],
    [
      -0.1113,
      0.3113,
      0.1097,
      0.307,
      1.0,
      0.2998,
      0.1159,
      0.257,
      0.3296,
      0.518,
      0.276,
      0.2949
    ],
    [
      -0.0116,
      0.2815,
      0.0811,
      0.2588,
      0.2998,
      1.0,
      0.0164,
      0.1997,
      0.2407,
      0.3329,
      0.1712,
      0.1982
    ],
    [
      0.5496,
      -0.0109,
      0.0358,
      0.1037,
      0.1159,
      0.0164,
      1.0,
      0.2436,
      0.0716,
      0.0664,
      0.0005,
      0.2666
    ],
    [
      0.1941,
      0.1511,
      0.1101,
      0.2546,
      0.257,
      0.1997,
      0.2436,
      1.0,
      0.1927,
      0.1862,
      0.1127,
      0.1059
    ],
    [
      0.0172,
      0.4028,
      0.1203,
      0.1879,
      0.3296,
      0.2407,
      0.0716,
      0.1927,
      1.0,
      0.4821,
      0.2742,
      0.3335
    ],
    [
      -0.0408,
      0.4066,
      0.182,
      0.4191,
      0.518,
      0.3329,
      0.0664,
      0.1862,
      0.4821,
      1.0,
      0.3603,
      0.4486
    ],
    [
      -0.0854,
      0.3027,
      0.0707,
      0.2,
      0.276,
      0.1712,
      0.0005,
      0.1127,
      0.2742,
      0.3603,
      1.0,
      0.2964
    ],
    [
      0.1267,
      0.3593,
      0.1041,
      0.3167,
      0.2949,
      0.1982,
      0.2666,
      0.1059,
      0.3335,
      0.4486,
      0.2964,
      1.0
    ]
  ]
}