{
  "date": "2026-06-15",
  "window_days": 251,
  "tickers": [
    "BBSE3.SA",
    "PSSA3.SA",
    "RANI3.SA",
    "WEGE3.SA",
    "AMBP3.SA",
    "CMIG3.SA",
    "ISAE4.SA",
    "KLBN4.SA",
    "PETR4.SA",
    "PNVL3.SA",
    "SLCE3.SA",
    "ABCB4.SA",
    "AURA33.SA",
    "BRSR6.SA",
    "FIQE3.SA",
    "MDNE3.SA",
    "ORVR3.SA",
    "PETR3.SA",
    "POSI3.SA",
    "PRIO3.SA",
    "SEER3.SA",
    "TEND3.SA"
  ],
  "groups": {
    "ABCB4.SA": "model",
    "AMBP3.SA": "both",
    "AURA33.SA": "model",
    "BBSE3.SA": "holdings",
    "BRSR6.SA": "model",
    "CMIG3.SA": "both",
    "FIQE3.SA": "model",
    "ISAE4.SA": "both",
    "KLBN4.SA": "both",
    "MDNE3.SA": "model",
    "ORVR3.SA": "model",
    "PETR3.SA": "model",
    "PETR4.SA": "both",
    "PNVL3.SA": "both",
    "POSI3.SA": "model",
    "PRIO3.SA": "model",
    "PSSA3.SA": "holdings",
    "RANI3.SA": "holdings",
    "SEER3.SA": "model",
    "SLCE3.SA": "both",
    "TEND3.SA": "model",
    "WEGE3.SA": "holdings"
  },
  "matrix": [
    [
      1.0,
      0.4461,
      0.2412,
      0.2462,
      0.1275,
      0.3016,
      0.368,
      0.2749,
      0.0693,
      0.2815,
      0.1259,
      0.2897,
      0.1886,
      0.1637,
      0.336,
      0.2257,
      0.2146,
      0.0678,
      0.2092,
      -0.0214,
      0.2541,
      0.2166
    ],
    [
      0.4461,
      1.0,
      0.2829,
      0.2097,
      0.2174,
      0.2517,
      0.3753,
      0.2968,
      -0.0319,
      0.3284,
      0.1254,
      0.3608,
      0.1645,
      0.3039,
      0.3172,
      0.3479,
      0.323,
      0.0031,
      0.2045,
      -0.093,
      0.2736,
      0.2596
    ],
    [
      0.2412,
      0.2829,
      1.0,
      0.1896,
      0.141,
      0.3166,
      0.3636,
      0.4312,
      0.0613,
      0.3492,
      0.2384,
      0.4173,
      0.2669,
      0.3544,
      0.2787,
      0.3328,
      0.3477,
      0.062,
      0.2729,
      0.0073,
      0.1954,
      0.3553
    ],
    [
      0.2462,
      0.2097,
      0.1896,
      1.0,
      -0.0332,
      0.2526,
      0.2739,
      0.2316,
      -0.0904,
      0.1833,
      0.1025,
      0.1384,
      0.1372,
      0.1643,
      0.2784,
      0.1554,
      0.2762,
      -0.1072,
      0.111,
      -0.0491,
      0.1821,
      0.1807
    ],
    [
      0.1275,
      0.2174,
      0.141,
      -0.0332,
      1.0,
      0.0985,
      0.1831,
      0.0915,
      0.0587,
      0.1904,
      0.1072,
      0.2626,
      0.1372,
      0.1717,
      0.1368,
      0.1144,
      0.1389,
      0.0597,
      0.1923,
      -0.0178,
      0.0948,
      0.1166
    ],
    [
      0.3016,
      0.2517,
      0.3166,
      0.2526,
      0.0985,
      1.0,
      0.4972,
      0.2484,
      0.0922,
      0.3795,
      0.238,
      0.3524,
      0.2297,
      0.3336,
      0.3641,
      0.3432,
      0.442,
      0.0965,
      0.272,
      -0.044,
      0.1942,
      0.3455
    ],
    [
      0.368,
      0.3753,
      0.3636,
      0.2739,
      0.1831,
      0.4972,
      1.0,
      0.328,
      0.0358,
      0.4512,
      0.1705,
      0.538,
      0.3019,
      0.4578,
      0.4738,
      0.517,
      0.5493,
      0.0318,
      0.4114,
      -0.0653,
      0.3341,
      0.4862
    ],
    [
      0.2749,
      0.2968,
      0.4312,
      0.2316,
      0.0915,
      0.2484,
      0.328,
      1.0,
      0.0009,
      0.28,
      0.147,
      0.337,
      0.2148,
      0.2442,
      0.2423,
      0.244,
      0.3205,
      0.0041,
      0.2197,
      -0.0395,
      0.176,
      0.1663
    ],
    [
      0.0693,
      -0.0319,
      0.0613,
      -0.0904,
      0.0587,
      0.0922,
      0.0358,
      0.0009,
      1.0,
      0.0435,
      0.2542,
      -0.0052,
      -0.0557,
      0.088,
      0.1607,
      -0.0246,
      -0.0007,
      0.9677,
      0.0848,
      0.5976,
      0.0595,
      0.0814
    ],
    [
      0.2815,
      0.3284,
      0.3492,
      0.1833,
      0.1904,
      0.3795,
      0.4512,
      0.28,
      0.0435,
      1.0,
      0.1657,
      0.4667,
      0.2277,
      0.3911,
      0.4804,
      0.4227,
      0.4209,
      0.0134,
      0.3779,
      -0.0204,
      0.3771,
      0.4397
    ],
    [
      0.1259,
      0.1254,
      0.2384,
      0.1025,
      0.1072,
      0.238,
      0.1705,
      0.147,
      0.2542,
      0.1657,
      1.0,
      0.1646,
      0.1432,
      0.0882,
      0.119,
      0.1075,
      0.1281,
      0.2679,
      0.2708,
      0.1825,
      0.0803,
      0.2051
    ],
    [
      0.2897,
      0.3608,
      0.4173,
      0.1384,
      0.2626,
      0.3524,
      0.538,
      0.337,
      -0.0052,
      0.4667,
      0.1646,
      1.0,
      0.3257,
      0.513,
      0.4299,
      0.4226,
      0.5051,
      -0.0166,
      0.373,
      -0.0765,
      0.3191,
      0.42
    ],
    [
      0.1886,
      0.1645,
      0.2669,
      0.1372,
      0.1372,
      0.2297,
      0.3019,
      0.2148,
      -0.0557,
      0.2277,
      0.1432,
      0.3257,
      1.0,
      0.2361,
      0.2066,
      0.2903,
      0.3089,
      -0.0622,
      0.184,
      -0.2053,
      0.1454,
      0.2637
    ],
    [
      0.1637,
      0.3039,
      0.3544,
      0.1643,
      0.1717,
      0.3336,
      0.4578,
      0.2442,
      0.088,
      0.3911,
      0.0882,
      0.513,
      0.2361,
      1.0,
      0.3978,
      0.4342,
      0.4645,
      0.0828,
      0.31,
      -0.0275,
      0.2309,
      0.4121
    ],
    [
      0.336,
      0.3172,
      0.2787,
      0.2784,
      0.1368,
      0.3641,
      0.4738,
      0.2423,
      0.1607,
      0.4804,
      0.119,
      0.4299,
      0.2066,
      0.3978,
      1.0,
      0.3799,
      0.4025,
      0.134,
      0.3252,
      -0.0603,
      0.408,
      0.3729
    ],
    [
      0.2257,
      0.3479,
      0.3328,
      0.1554,
      0.1144,
      0.3432,
      0.517,
      0.244,
      -0.0246,
      0.4227,
      0.1075,
      0.4226,
      0.2903,
      0.4342,
      0.3799,
      1.0,
      0.4566,
      -0.0208,
      0.3378,
      -0.1445,
      0.3651,
      0.61
    ],
    [
      0.2146,
      0.323,
      0.3477,
      0.2762,
      0.1389,
      0.442,
      0.5493,
      0.3205,
      -0.0007,
      0.4209,
      0.1281,
      0.5051,
      0.3089,
      0.4645,
      0.4025,
      0.4566,
      1.0,
      -0.0123,
      0.3612,
      -0.0366,
      0.3273,
      0.4209
    ],
    [
      0.0678,
      0.0031,
      0.062,
      -0.1072,
      0.0597,
      0.0965,
      0.0318,
      0.0041,
      0.9677,
      0.0134,
      0.2679,
      -0.0166,
      -0.0622,
      0.0828,
      0.134,
      -0.0208,
      -0.0123,
      1.0,
      0.0816,
      0.5715,
      0.0749,
      0.0981
    ],
    [
      0.2092,
      0.2045,
      0.2729,
      0.111,
      0.1923,
      0.272,
      0.4114,
      0.2197,
      0.0848,
      0.3779,
      0.2708,
      0.373,
      0.184,
      0.31,
      0.3252,
      0.3378,
      0.3612,
      0.0816,
      1.0,
      -0.0494,
      0.2565,
      0.3893
    ],
    [
      -0.0214,
      -0.093,
      0.0073,
      -0.0491,
      -0.0178,
      -0.044,
      -0.0653,
      -0.0395,
      0.5976,
      -0.0204,
      0.1825,
      -0.0765,
      -0.2053,
      -0.0275,
      -0.0603,
      -0.1445,
      -0.0366,
      0.5715,
      -0.0494,
      1.0,
      -0.0278,
      -0.094
    ],
    [
      0.2541,
      0.2736,
      0.1954,
      0.1821,
      0.0948,
      0.1942,
      0.3341,
      0.176,
      0.0595,
      0.3771,
      0.0803,
      0.3191,
      0.1454,
      0.2309,
      0.408,
      0.3651,
      0.3273,
      0.0749,
      0.2565,
      -0.0278,
      1.0,
      0.3061
    ],
    [
      0.2166,
      0.2596,
      0.3553,
      0.1807,
      0.1166,
      0.3455,
      0.4862,
      0.1663,
      0.0814,
      0.4397,
      0.2051,
      0.42,
      0.2637,
      0.4121,
      0.3729,
      0.61,
      0.4209,
      0.0981,
      0.3893,
      -0.094,
      0.3061,
      1.0
    ]
  ]
}