{
  "date": "2026-05-28",
  "window_days": 251,
  "tickers": [
    "AERI3.SA",
    "PSSA3.SA",
    "AMBP3.SA",
    "CMIG3.SA",
    "FRAS3.SA",
    "KLBN4.SA",
    "PETR4.SA",
    "RANI3.SA",
    "CXSE3.SA",
    "SLCE3.SA"
  ],
  "groups": {
    "AERI3.SA": "holdings",
    "AMBP3.SA": "both",
    "CMIG3.SA": "both",
    "CXSE3.SA": "model",
    "FRAS3.SA": "both",
    "KLBN4.SA": "both",
    "PETR4.SA": "both",
    "PSSA3.SA": "holdings",
    "RANI3.SA": "both",
    "SLCE3.SA": "model"
  },
  "matrix": [
    [
      1.0,
      -0.0121,
      -0.0214,
      0.0843,
      0.0301,
      0.1865,
      -0.0084,
      0.0785,
      0.1216,
      0.027
    ],
    [
      -0.0121,
      1.0,
      0.2197,
      0.211,
      0.2986,
      0.2855,
      -0.0326,
      0.2703,
      0.3941,
      0.1372
    ],
    [
      -0.0214,
      0.2197,
      1.0,
      0.1102,
      0.1164,
      0.082,
      0.0358,
      0.1158,
      0.1019,
      0.1044
    ],
    [
      0.0843,
      0.211,
      0.1102,
      1.0,
      0.1942,
      0.2719,
      0.0936,
      0.2186,
      0.3014,
      0.2348
    ],
    [
      0.0301,
      0.2986,
      0.1164,
      0.1942,
      1.0,
      0.2442,
      0.0439,
      0.3813,
      0.3303,
      0.1879
    ],
    [
      0.1865,
      0.2855,
      0.082,
      0.2719,
      0.2442,
      1.0,
      -0.0029,
      0.413,
      0.3113,
      0.189
    ],
    [
      -0.0084,
      -0.0326,
      0.0358,
      0.0936,
      0.0439,
      -0.0029,
      1.0,
      0.0778,
      0.0919,
      0.2492
    ],
    [
      0.0785,
      0.2703,
      0.1158,
      0.2186,
      0.3813,
      0.413,
      0.0778,
      1.0,
      0.236,
      0.2641
    ],
    [
      0.1216,
      0.3941,
      0.1019,
      0.3014,
      0.3303,
      0.3113,
      0.0919,
      0.236,
      1.0,
      0.2449
    ],
    [
      0.027,
      0.1372,
      0.1044,
      0.2348,
      0.1879,
      0.189,
      0.2492,
      0.2641,
      0.2449,
      1.0
    ]
  ]
}