{
  "date": "2026-04-30",
  "window_days": 222,
  "tickers": [
    "AMBP3.SA",
    "CMIG3.SA",
    "CXSE3.SA",
    "FRAS3.SA",
    "JBSS32.SA",
    "KLBN4.SA",
    "MDNE3.SA",
    "NEOE3.SA",
    "PETR3.SA",
    "PETR4.SA",
    "PLPL3.SA",
    "PRIO3.SA",
    "PRNR3.SA",
    "SAPR11.SA",
    "TEND3.SA",
    "VALE3.SA",
    "VULC3.SA",
    "WEGE3.SA",
    "SLCE3.SA"
  ],
  "groups": {
    "AMBP3.SA": "both",
    "CMIG3.SA": "both",
    "CXSE3.SA": "both",
    "FRAS3.SA": "both",
    "JBSS32.SA": "both",
    "KLBN4.SA": "both",
    "MDNE3.SA": "both",
    "NEOE3.SA": "both",
    "PETR3.SA": "both",
    "PETR4.SA": "both",
    "PLPL3.SA": "both",
    "PRIO3.SA": "both",
    "PRNR3.SA": "both",
    "SAPR11.SA": "both",
    "SLCE3.SA": "model",
    "TEND3.SA": "both",
    "VALE3.SA": "both",
    "VULC3.SA": "both",
    "WEGE3.SA": "both"
  },
  "matrix": [
    [
      1.0,
      0.1088,
      0.1306,
      0.1156,
      0.1263,
      0.097,
      0.1138,
      0.0098,
      0.0677,
      0.0657,
      0.1493,
      -0.0165,
      0.1307,
      0.141,
      0.112,
      0.0852,
      0.0546,
      -0.0265,
      0.1298
    ],
    [
      0.1088,
      1.0,
      0.3789,
      0.2058,
      0.1137,
      0.2708,
      0.3132,
      0.1511,
      0.121,
      0.1129,
      0.3286,
      -0.0202,
      0.3146,
      0.3551,
      0.3443,
      0.2233,
      0.3298,
      0.2282,
      0.287
    ],
    [
      0.1306,
      0.3789,
      1.0,
      0.3555,
      0.1209,
      0.3011,
      0.3522,
      0.132,
      0.1279,
      0.1242,
      0.3557,
      -0.0833,
      0.3466,
      0.2506,
      0.2888,
      0.2002,
      0.3133,
      0.2914,
      0.2844
    ],
    [
      0.1156,
      0.2058,
      0.3555,
      1.0,
      0.0268,
      0.2496,
      0.4035,
      0.1766,
      0.1342,
      0.1093,
      0.3349,
      0.0236,
      0.405,
      0.2362,
      0.3687,
      0.1477,
      0.4002,
      0.1562,
      0.1913
    ],
    [
      0.1263,
      0.1137,
      0.1209,
      0.0268,
      1.0,
      0.1605,
      0.0443,
      0.0914,
      -0.0023,
      0.0064,
      0.1462,
      -0.0742,
      0.114,
      0.1484,
      0.0579,
      0.1417,
      0.0586,
      0.1457,
      0.1953
    ],
    [
      0.097,
      0.2708,
      0.3011,
      0.2496,
      0.1605,
      1.0,
      0.2441,
      0.0596,
      0.0293,
      0.0292,
      0.2833,
      0.0015,
      0.2669,
      0.1906,
      0.1935,
      0.3523,
      0.2793,
      0.214,
      0.2195
    ],
    [
      0.1138,
      0.3132,
      0.3522,
      0.4035,
      0.0443,
      0.2441,
      1.0,
      0.2652,
      -0.0091,
      -0.0228,
      0.5619,
      -0.1105,
      0.4515,
      0.3178,
      0.5879,
      0.1685,
      0.4059,
      0.1402,
      0.1053
    ],
    [
      0.0098,
      0.1511,
      0.132,
      0.1766,
      0.0914,
      0.0596,
      0.2652,
      1.0,
      0.0085,
      0.0136,
      0.2296,
      0.0341,
      0.1124,
      0.1988,
      0.2324,
      0.0318,
      0.2011,
      0.0409,
      0.0644
    ],
    [
      0.0677,
      0.121,
      0.1279,
      0.1342,
      -0.0023,
      0.0293,
      -0.0091,
      0.0085,
      1.0,
      0.967,
      0.0553,
      0.5546,
      0.0166,
      0.0702,
      0.1601,
      -0.0731,
      -0.0197,
      -0.0752,
      0.2823
    ],
    [
      0.0657,
      0.1129,
      0.1242,
      0.1093,
      0.0064,
      0.0292,
      -0.0228,
      0.0136,
      0.967,
      1.0,
      0.0494,
      0.5772,
      -0.003,
      0.0557,
      0.1278,
      -0.0703,
      -0.0258,
      -0.0633,
      0.2521
    ],
    [
      0.1493,
      0.3286,
      0.3557,
      0.3349,
      0.1462,
      0.2833,
      0.5619,
      0.2296,
      0.0553,
      0.0494,
      1.0,
      -0.1363,
      0.3233,
      0.2763,
      0.6457,
      0.2129,
      0.4171,
      0.2099,
      0.2491
    ],
    [
      -0.0165,
      -0.0202,
      -0.0833,
      0.0236,
      -0.0742,
      0.0015,
      -0.1105,
      0.0341,
      0.5546,
      0.5772,
      -0.1363,
      1.0,
      0.0333,
      0.0055,
      -0.0545,
      -0.0818,
      -0.0824,
      -0.0194,
      0.1914
    ],
    [
      0.1307,
      0.3146,
      0.3466,
      0.405,
      0.114,
      0.2669,
      0.4515,
      0.1124,
      0.0166,
      -0.003,
      0.3233,
      0.0333,
      1.0,
      0.316,
      0.3496,
      0.2574,
      0.3751,
      0.2282,
      0.2496
    ],
    [
      0.141,
      0.3551,
      0.2506,
      0.2362,
      0.1484,
      0.1906,
      0.3178,
      0.1988,
      0.0702,
      0.0557,
      0.2763,
      0.0055,
      0.316,
      1.0,
      0.2935,
      0.1618,
      0.2386,
      0.1876,
      0.136
    ],
    [
      0.112,
      0.3443,
      0.2888,
      0.3687,
      0.0579,
      0.1935,
      0.5879,
      0.2324,
      0.1601,
      0.1278,
      0.6457,
      -0.0545,
      0.3496,
      0.2935,
      1.0,
      0.1133,
      0.3532,
      0.1818,
      0.2015
    ],
    [
      0.0852,
      0.2233,
      0.2002,
      0.1477,
      0.1417,
      0.3523,
      0.1685,
      0.0318,
      -0.0731,
      -0.0703,
      0.2129,
      -0.0818,
      0.2574,
      0.1618,
      0.1133,
      1.0,
      0.2048,
      0.2318,
      0.1389
    ],
    [
      0.0546,
      0.3298,
      0.3133,
      0.4002,
      0.0586,
      0.2793,
      0.4059,
      0.2011,
      -0.0197,
      -0.0258,
      0.4171,
      -0.0824,
      0.3751,
      0.2386,
      0.3532,
      0.2048,
      1.0,
      0.1534,
      0.1524
    ],
    [
      -0.0265,
      0.2282,
      0.2914,
      0.1562,
      0.1457,
      0.214,
      0.1402,
      0.0409,
      -0.0752,
      -0.0633,
      0.2099,
      -0.0194,
      0.2282,
      0.1876,
      0.1818,
      0.2318,
      0.1534,
      1.0,
      0.1581
    ],
    [
      0.1298,
      0.287,
      0.2844,
      0.1913,
      0.1953,
      0.2195,
      0.1053,
      0.0644,
      0.2823,
      0.2521,
      0.2491,
      0.1914,
      0.2496,
      0.136,
      0.2015,
      0.1389,
      0.1524,
      0.1581,
      1.0
    ]
  ]
}