{
  "date": "2026-06-01",
  "window_days": 251,
  "tickers": [
    "FRAS3.SA",
    "RADL3.SA",
    "AMBP3.SA",
    "CMIG3.SA",
    "ISAE4.SA",
    "KLBN4.SA",
    "PETR4.SA",
    "PSSA3.SA",
    "RANI3.SA",
    "BBSE3.SA",
    "PNVL3.SA",
    "SLCE3.SA",
    "WEGE3.SA"
  ],
  "groups": {
    "AMBP3.SA": "both",
    "BBSE3.SA": "model",
    "CMIG3.SA": "both",
    "FRAS3.SA": "holdings",
    "ISAE4.SA": "both",
    "KLBN4.SA": "both",
    "PETR4.SA": "both",
    "PNVL3.SA": "model",
    "PSSA3.SA": "both",
    "RADL3.SA": "holdings",
    "RANI3.SA": "both",
    "SLCE3.SA": "model",
    "WEGE3.SA": "model"
  },
  "matrix": [
    [
      1.0,
      0.2747,
      0.1169,
      0.2096,
      0.4785,
      0.2434,
      0.0445,
      0.3,
      0.3817,
      0.1532,
      0.285,
      0.1926,
      0.1815
    ],
    [
      0.2747,
      1.0,
      0.0683,
      0.2338,
      0.3662,
      0.1747,
      -0.0239,
      0.2452,
      0.2445,
      0.219,
      0.5332,
      0.1156,
      0.2422
    ],
    [
      0.1169,
      0.0683,
      1.0,
      0.0668,
      0.1809,
      0.084,
      0.0406,
      0.2108,
      0.1286,
      0.1148,
      0.1753,
      0.1007,
      -0.0302
    ],
    [
      0.2096,
      0.2338,
      0.0668,
      1.0,
      0.471,
      0.2792,
      0.1063,
      0.1983,
      0.2657,
      0.3051,
      0.3707,
      0.2549,
      0.2734
    ],
    [
      0.4785,
      0.3662,
      0.1809,
      0.471,
      1.0,
      0.3376,
      0.0541,
      0.3611,
      0.3519,
      0.361,
      0.4516,
      0.1875,
      0.2968
    ],
    [
      0.2434,
      0.1747,
      0.084,
      0.2792,
      0.3376,
      1.0,
      -0.0009,
      0.2868,
      0.4118,
      0.2819,
      0.3095,
      0.1884,
      0.235
    ],
    [
      0.0445,
      -0.0239,
      0.0406,
      0.1063,
      0.0541,
      -0.0009,
      1.0,
      -0.0307,
      0.0719,
      0.0699,
      0.0219,
      0.2508,
      -0.1019
    ],
    [
      0.3,
      0.2452,
      0.2108,
      0.1983,
      0.3611,
      0.2868,
      -0.0307,
      1.0,
      0.2794,
      0.432,
      0.3126,
      0.1365,
      0.2089
    ],
    [
      0.3817,
      0.2445,
      0.1286,
      0.2657,
      0.3519,
      0.4118,
      0.0719,
      0.2794,
      1.0,
      0.2179,
      0.337,
      0.2618,
      0.1751
    ],
    [
      0.1532,
      0.219,
      0.1148,
      0.3051,
      0.361,
      0.2819,
      0.0699,
      0.432,
      0.2179,
      1.0,
      0.2791,
      0.1514,
      0.2411
    ],
    [
      0.285,
      0.5332,
      0.1753,
      0.3707,
      0.4516,
      0.3095,
      0.0219,
      0.3126,
      0.337,
      0.2791,
      1.0,
      0.1625,
      0.2129
    ],
    [
      0.1926,
      0.1156,
      0.1007,
      0.2549,
      0.1875,
      0.1884,
      0.2508,
      0.1365,
      0.2618,
      0.1514,
      0.1625,
      1.0,
      0.146
    ],
    [
      0.1815,
      0.2422,
      -0.0302,
      0.2734,
      0.2968,
      0.235,
      -0.1019,
      0.2089,
      0.1751,
      0.2411,
      0.2129,
      0.146,
      1.0
    ]
  ]
}