{
  "date": "2026-04-27",
  "window_days": 219,
  "tickers": [
    "CMIG3.SA",
    "JBSS32.SA",
    "KLBN4.SA",
    "MDNE3.SA",
    "PETR3.SA",
    "PETR4.SA",
    "PLPL3.SA",
    "PRIO3.SA",
    "SAPR11.SA",
    "TEND3.SA",
    "VALE3.SA",
    "VULC3.SA",
    "WEGE3.SA",
    "AMBP3.SA",
    "CXSE3.SA",
    "NEOE3.SA",
    "RANI3.SA"
  ],
  "groups": {
    "AMBP3.SA": "model",
    "CMIG3.SA": "both",
    "CXSE3.SA": "model",
    "JBSS32.SA": "both",
    "KLBN4.SA": "both",
    "MDNE3.SA": "both",
    "NEOE3.SA": "model",
    "PETR3.SA": "both",
    "PETR4.SA": "both",
    "PLPL3.SA": "both",
    "PRIO3.SA": "both",
    "RANI3.SA": "model",
    "SAPR11.SA": "both",
    "TEND3.SA": "both",
    "VALE3.SA": "both",
    "VULC3.SA": "both",
    "WEGE3.SA": "both"
  },
  "matrix": [
    [
      1.0,
      0.1099,
      0.267,
      0.3102,
      0.1254,
      0.1183,
      0.3274,
      -0.0165,
      0.3546,
      0.34,
      0.2174,
      0.324,
      0.2239,
      0.1088,
      0.3736,
      0.1526,
      0.3216
    ],
    [
      0.1099,
      1.0,
      0.1553,
      0.0406,
      0.0054,
      0.0148,
      0.1394,
      -0.0682,
      0.1435,
      0.0503,
      0.1258,
      0.0516,
      0.1305,
      0.1282,
      0.111,
      0.0914,
      0.2353
    ],
    [
      0.267,
      0.1553,
      1.0,
      0.2385,
      0.038,
      0.0393,
      0.2751,
      0.0095,
      0.1869,
      0.186,
      0.344,
      0.2746,
      0.2006,
      0.0973,
      0.2926,
      0.06,
      0.4543
    ],
    [
      0.3102,
      0.0406,
      0.2385,
      1.0,
      -0.0034,
      -0.0153,
      0.5584,
      -0.1047,
      0.3188,
      0.5867,
      0.1595,
      0.4057,
      0.1314,
      0.112,
      0.348,
      0.2673,
      0.3345
    ],
    [
      0.1254,
      0.0054,
      0.038,
      -0.0034,
      1.0,
      0.9668,
      0.0713,
      0.5502,
      0.079,
      0.1718,
      -0.0467,
      -0.0143,
      -0.049,
      0.0664,
      0.1436,
      0.0098,
      0.1081
    ],
    [
      0.1183,
      0.0148,
      0.0393,
      -0.0153,
      0.9668,
      1.0,
      0.0676,
      0.5725,
      0.0646,
      0.1404,
      -0.0413,
      -0.0197,
      -0.0346,
      0.065,
      0.1417,
      0.0148,
      0.1029
    ],
    [
      0.3274,
      0.1394,
      0.2751,
      0.5584,
      0.0713,
      0.0676,
      1.0,
      -0.1245,
      0.2727,
      0.6436,
      0.1882,
      0.4179,
      0.186,
      0.1505,
      0.3467,
      0.2315,
      0.336
    ],
    [
      -0.0165,
      -0.0682,
      0.0095,
      -0.1047,
      0.5502,
      0.5725,
      -0.1245,
      1.0,
      0.0118,
      -0.0461,
      -0.0599,
      -0.0779,
      0.0044,
      -0.0172,
      -0.0724,
      0.0349,
      0.0226
    ],
    [
      0.3546,
      0.1435,
      0.1869,
      0.3188,
      0.079,
      0.0646,
      0.2727,
      0.0118,
      1.0,
      0.2892,
      0.1476,
      0.235,
      0.1744,
      0.144,
      0.2444,
      0.1988,
      0.3428
    ],
    [
      0.34,
      0.0503,
      0.186,
      0.5867,
      0.1718,
      0.1404,
      0.6436,
      -0.0461,
      0.2892,
      1.0,
      0.0892,
      0.3468,
      0.1623,
      0.1134,
      0.2773,
      0.2339,
      0.3506
    ],
    [
      0.2174,
      0.1258,
      0.344,
      0.1595,
      -0.0467,
      -0.0413,
      0.1882,
      -0.0599,
      0.1476,
      0.0892,
      1.0,
      0.1895,
      0.1725,
      0.093,
      0.1687,
      0.0319,
      0.3417
    ],
    [
      0.324,
      0.0516,
      0.2746,
      0.4057,
      -0.0143,
      -0.0197,
      0.4179,
      -0.0779,
      0.235,
      0.3468,
      0.1895,
      1.0,
      0.1376,
      0.0562,
      0.3025,
      0.2036,
      0.3694
    ],
    [
      0.2239,
      0.1305,
      0.2006,
      0.1314,
      -0.049,
      -0.0346,
      0.186,
      0.0044,
      0.1744,
      0.1623,
      0.1725,
      0.1376,
      1.0,
      -0.0228,
      0.2666,
      0.0408,
      0.1794
    ],
    [
      0.1088,
      0.1282,
      0.0973,
      0.112,
      0.0664,
      0.065,
      0.1505,
      -0.0172,
      0.144,
      0.1134,
      0.093,
      0.0562,
      -0.0228,
      1.0,
      0.1336,
      0.0104,
      0.1353
    ],
    [
      0.3736,
      0.111,
      0.2926,
      0.348,
      0.1436,
      0.1417,
      0.3467,
      -0.0724,
      0.2444,
      0.2773,
      0.1687,
      0.3025,
      0.2666,
      0.1336,
      1.0,
      0.134,
      0.2699
    ],
    [
      0.1526,
      0.0914,
      0.06,
      0.2673,
      0.0098,
      0.0148,
      0.2315,
      0.0349,
      0.1988,
      0.2339,
      0.0319,
      0.2036,
      0.0408,
      0.0104,
      0.134,
      1.0,
      0.0518
    ],
    [
      0.3216,
      0.2353,
      0.4543,
      0.3345,
      0.1081,
      0.1029,
      0.336,
      0.0226,
      0.3428,
      0.3506,
      0.3417,
      0.3694,
      0.1794,
      0.1353,
      0.2699,
      0.0518,
      1.0
    ]
  ]
}