{
  "date": "2026-04-22",
  "window_days": 251,
  "tickers": [
    "CMIG3.SA",
    "MDNE3.SA",
    "PETR3.SA",
    "PLPL3.SA",
    "SAPR11.SA",
    "TEND3.SA",
    "VALE3.SA",
    "VULC3.SA",
    "AMBP3.SA",
    "CXSE3.SA",
    "KLBN4.SA",
    "PRIO3.SA",
    "SLCE3.SA",
    "WEGE3.SA"
  ],
  "groups": {
    "AMBP3.SA": "model",
    "CMIG3.SA": "both",
    "CXSE3.SA": "model",
    "KLBN4.SA": "model",
    "MDNE3.SA": "both",
    "PETR3.SA": "both",
    "PLPL3.SA": "both",
    "PRIO3.SA": "model",
    "SAPR11.SA": "both",
    "SLCE3.SA": "model",
    "TEND3.SA": "both",
    "VALE3.SA": "both",
    "VULC3.SA": "both",
    "WEGE3.SA": "model"
  },
  "matrix": [
    [
      1.0,
      0.2721,
      0.1038,
      0.194,
      0.3361,
      0.2232,
      0.1566,
      0.2583,
      0.1192,
      0.3029,
      0.2435,
      -0.0024,
      0.2634,
      0.185
    ],
    [
      0.2721,
      1.0,
      0.0009,
      0.5024,
      0.3244,
      0.494,
      0.1519,
      0.3506,
      0.107,
      0.2832,
      0.1975,
      -0.0699,
      0.1466,
      0.1272
    ],
    [
      0.1038,
      0.0009,
      1.0,
      0.038,
      0.0749,
      0.1379,
      -0.0223,
      0.0304,
      0.0381,
      0.0945,
      0.0508,
      0.5368,
      0.2872,
      -0.0064
    ],
    [
      0.194,
      0.5024,
      0.038,
      1.0,
      0.2102,
      0.633,
      0.1697,
      0.4067,
      0.1508,
      0.2757,
      0.2459,
      -0.0572,
      0.2314,
      0.1629
    ],
    [
      0.3361,
      0.3244,
      0.0749,
      0.2102,
      1.0,
      0.2073,
      0.1299,
      0.2394,
      0.1336,
      0.2402,
      0.2283,
      -0.0104,
      0.1606,
      0.1117
    ],
    [
      0.2232,
      0.494,
      0.1379,
      0.633,
      0.2073,
      1.0,
      0.0904,
      0.2942,
      0.1173,
      0.2516,
      0.1405,
      -0.0315,
      0.1513,
      0.1329
    ],
    [
      0.1566,
      0.1519,
      -0.0223,
      0.1697,
      0.1299,
      0.0904,
      1.0,
      0.1577,
      0.0769,
      0.145,
      0.3372,
      -0.0219,
      0.1561,
      0.2104
    ],
    [
      0.2583,
      0.3506,
      0.0304,
      0.4067,
      0.2394,
      0.2942,
      0.1577,
      1.0,
      0.0438,
      0.1769,
      0.308,
      -0.0082,
      0.1408,
      0.1167
    ],
    [
      0.1192,
      0.107,
      0.0381,
      0.1508,
      0.1336,
      0.1173,
      0.0769,
      0.0438,
      1.0,
      0.13,
      0.0726,
      -0.0308,
      0.1054,
      -0.0357
    ],
    [
      0.3029,
      0.2832,
      0.0945,
      0.2757,
      0.2402,
      0.2516,
      0.145,
      0.1769,
      0.13,
      1.0,
      0.2165,
      -0.1317,
      0.2329,
      0.2101
    ],
    [
      0.2435,
      0.1975,
      0.0508,
      0.2459,
      0.2283,
      0.1405,
      0.3372,
      0.308,
      0.0726,
      0.2165,
      1.0,
      0.041,
      0.2224,
      0.2531
    ],
    [
      -0.0024,
      -0.0699,
      0.5368,
      -0.0572,
      -0.0104,
      -0.0315,
      -0.0219,
      -0.0082,
      -0.0308,
      -0.1317,
      0.041,
      1.0,
      0.1956,
      0.0926
    ],
    [
      0.2634,
      0.1466,
      0.2872,
      0.2314,
      0.1606,
      0.1513,
      0.1561,
      0.1408,
      0.1054,
      0.2329,
      0.2224,
      0.1956,
      1.0,
      0.1791
    ],
    [
      0.185,
      0.1272,
      -0.0064,
      0.1629,
      0.1117,
      0.1329,
      0.2104,
      0.1167,
      -0.0357,
      0.2101,
      0.2531,
      0.0926,
      0.1791,
      1.0
    ]
  ]
}