{
  "date": "2026-05-26",
  "window_days": 251,
  "tickers": [
    "AERI3.SA",
    "CMIG3.SA",
    "FRAS3.SA",
    "AMBP3.SA",
    "KLBN4.SA",
    "PETR4.SA",
    "PSSA3.SA",
    "RANI3.SA",
    "BBSE3.SA",
    "EQTL3.SA",
    "ISAE4.SA",
    "SLCE3.SA",
    "UGPA3.SA"
  ],
  "groups": {
    "AERI3.SA": "holdings",
    "AMBP3.SA": "both",
    "BBSE3.SA": "model",
    "CMIG3.SA": "holdings",
    "EQTL3.SA": "model",
    "FRAS3.SA": "holdings",
    "ISAE4.SA": "model",
    "KLBN4.SA": "both",
    "PETR4.SA": "both",
    "PSSA3.SA": "both",
    "RANI3.SA": "both",
    "SLCE3.SA": "model",
    "UGPA3.SA": "model"
  },
  "matrix": [
    [
      1.0,
      0.1017,
      0.0335,
      -0.0184,
      0.1865,
      -0.006,
      -0.0084,
      0.0805,
      0.0917,
      0.052,
      0.0767,
      0.0336,
      0.0688
    ],
    [
      0.1017,
      1.0,
      0.1966,
      0.1166,
      0.2677,
      0.093,
      0.2133,
      0.2196,
      0.2764,
      0.4515,
      0.4315,
      0.2425,
      0.3268
    ],
    [
      0.0335,
      0.1966,
      1.0,
      0.1178,
      0.2453,
      0.0439,
      0.2994,
      0.3818,
      0.159,
      0.4182,
      0.479,
      0.1898,
      0.325
    ],
    [
      -0.0184,
      0.1166,
      0.1178,
      1.0,
      0.0825,
      0.0371,
      0.2214,
      0.1168,
      0.1109,
      0.1487,
      0.178,
      0.1073,
      0.1037
    ],
    [
      0.1865,
      0.2677,
      0.2453,
      0.0825,
      1.0,
      -0.0005,
      0.2872,
      0.4134,
      0.2888,
      0.3997,
      0.3443,
      0.193,
      0.2107
    ],
    [
      -0.006,
      0.093,
      0.0439,
      0.0371,
      -0.0005,
      1.0,
      -0.0343,
      0.0788,
      0.0809,
      0.0395,
      0.0512,
      0.2473,
      0.2562
    ],
    [
      -0.0084,
      0.2133,
      0.2994,
      0.2214,
      0.2872,
      -0.0343,
      1.0,
      0.2716,
      0.4308,
      0.4286,
      0.3558,
      0.1381,
      0.274
    ],
    [
      0.0805,
      0.2196,
      0.3818,
      0.1168,
      0.4134,
      0.0788,
      0.2716,
      1.0,
      0.2157,
      0.3814,
      0.3554,
      0.2662,
      0.246
    ],
    [
      0.0917,
      0.2764,
      0.159,
      0.1109,
      0.2888,
      0.0809,
      0.4308,
      0.2157,
      1.0,
      0.3404,
      0.3677,
      0.1674,
      0.2472
    ],
    [
      0.052,
      0.4515,
      0.4182,
      0.1487,
      0.3997,
      0.0395,
      0.4286,
      0.3814,
      0.3404,
      1.0,
      0.6931,
      0.2563,
      0.5094
    ],
    [
      0.0767,
      0.4315,
      0.479,
      0.178,
      0.3443,
      0.0512,
      0.3558,
      0.3554,
      0.3677,
      0.6931,
      1.0,
      0.1836,
      0.47
    ],
    [
      0.0336,
      0.2425,
      0.1898,
      0.1073,
      0.193,
      0.2473,
      0.1381,
      0.2662,
      0.1674,
      0.2563,
      0.1836,
      1.0,
      0.1022
    ],
    [
      0.0688,
      0.3268,
      0.325,
      0.1037,
      0.2107,
      0.2562,
      0.274,
      0.246,
      0.2472,
      0.5094,
      0.47,
      0.1022,
      1.0
    ]
  ]
}