{
  "date": "2026-05-22",
  "window_days": 251,
  "tickers": [
    "CXSE3.SA",
    "PRIO3.SA",
    "SLCE3.SA",
    "VULC3.SA",
    "AMBP3.SA",
    "CMIG3.SA",
    "KLBN4.SA",
    "PETR4.SA",
    "FRAS3.SA",
    "ISAE4.SA",
    "PSSA3.SA",
    "RADL3.SA",
    "RANI3.SA"
  ],
  "groups": {
    "AMBP3.SA": "both",
    "CMIG3.SA": "both",
    "CXSE3.SA": "holdings",
    "FRAS3.SA": "model",
    "ISAE4.SA": "model",
    "KLBN4.SA": "both",
    "PETR4.SA": "both",
    "PRIO3.SA": "holdings",
    "PSSA3.SA": "model",
    "RADL3.SA": "model",
    "RANI3.SA": "model",
    "SLCE3.SA": "holdings",
    "VULC3.SA": "holdings"
  },
  "matrix": [
    [
      1.0,
      -0.1155,
      0.2521,
      0.3196,
      0.1053,
      0.3116,
      0.3114,
      0.1003,
      0.3331,
      0.528,
      0.3904,
      0.2857,
      0.2325
    ],
    [
      -0.1155,
      1.0,
      0.1904,
      -0.0878,
      -0.0227,
      0.0076,
      -0.0166,
      0.5459,
      0.0123,
      -0.0459,
      -0.0974,
      -0.0888,
      0.0205
    ],
    [
      0.2521,
      0.1904,
      1.0,
      0.1396,
      0.1065,
      0.2504,
      0.1934,
      0.2533,
      0.1844,
      0.1873,
      0.1457,
      0.1118,
      0.2523
    ],
    [
      0.3196,
      -0.0878,
      0.1396,
      1.0,
      0.0487,
      0.3234,
      0.2967,
      -0.0304,
      0.4051,
      0.4218,
      0.3241,
      0.3068,
      0.3574
    ],
    [
      0.1053,
      -0.0227,
      0.1065,
      0.0487,
      1.0,
      0.1155,
      0.0826,
      0.0343,
      0.1239,
      0.1776,
      0.2197,
      0.0686,
      0.1173
    ],
    [
      0.3116,
      0.0076,
      0.2504,
      0.3234,
      0.1155,
      1.0,
      0.269,
      0.0934,
      0.1957,
      0.4305,
      0.2195,
      0.2103,
      0.2092
    ],
    [
      0.3114,
      -0.0166,
      0.1934,
      0.2967,
      0.0826,
      0.269,
      1.0,
      0.0011,
      0.2476,
      0.3467,
      0.288,
      0.1814,
      0.4141
    ],
    [
      0.1003,
      0.5459,
      0.2533,
      -0.0304,
      0.0343,
      0.0934,
      0.0011,
      1.0,
      0.0613,
      0.0525,
      -0.0365,
      -0.0119,
      0.0754
    ],
    [
      0.3331,
      0.0123,
      0.1844,
      0.4051,
      0.1239,
      0.1957,
      0.2476,
      0.0613,
      1.0,
      0.486,
      0.2975,
      0.2706,
      0.3856
    ],
    [
      0.528,
      -0.0459,
      0.1873,
      0.4218,
      0.1776,
      0.4305,
      0.3467,
      0.0525,
      0.486,
      1.0,
      0.3522,
      0.375,
      0.3483
    ],
    [
      0.3904,
      -0.0974,
      0.1457,
      0.3241,
      0.2197,
      0.2195,
      0.288,
      -0.0365,
      0.2975,
      0.3522,
      1.0,
      0.2495,
      0.2609
    ],
    [
      0.2857,
      -0.0888,
      0.1118,
      0.3068,
      0.0686,
      0.2103,
      0.1814,
      -0.0119,
      0.2706,
      0.375,
      0.2495,
      1.0,
      0.2394
    ],
    [
      0.2325,
      0.0205,
      0.2523,
      0.3574,
      0.1173,
      0.2092,
      0.4141,
      0.0754,
      0.3856,
      0.3483,
      0.2609,
      0.2394,
      1.0
    ]
  ]
}