{
  "date": "2026-06-08",
  "window_days": 251,
  "tickers": [
    "AMBP3.SA",
    "BBSE3.SA",
    "CMIG3.SA",
    "ISAE4.SA",
    "KLBN4.SA",
    "PETR4.SA",
    "PNVL3.SA",
    "PSSA3.SA",
    "RANI3.SA",
    "SLCE3.SA",
    "WEGE3.SA",
    "AGRO3.SA",
    "CXSE3.SA",
    "PETR3.SA",
    "RADL3.SA"
  ],
  "groups": {
    "AGRO3.SA": "model",
    "AMBP3.SA": "both",
    "BBSE3.SA": "both",
    "CMIG3.SA": "both",
    "CXSE3.SA": "model",
    "ISAE4.SA": "both",
    "KLBN4.SA": "both",
    "PETR3.SA": "model",
    "PETR4.SA": "both",
    "PNVL3.SA": "both",
    "PSSA3.SA": "both",
    "RADL3.SA": "model",
    "RANI3.SA": "both",
    "SLCE3.SA": "both",
    "WEGE3.SA": "both"
  },
  "matrix": [
    [
      1.0,
      0.1149,
      0.0996,
      0.1803,
      0.0948,
      0.0489,
      0.1765,
      0.206,
      0.1319,
      0.1136,
      -0.0297,
      0.0789,
      0.1118,
      0.0524,
      0.0669
    ],
    [
      0.1149,
      1.0,
      0.2918,
      0.3586,
      0.2852,
      0.049,
      0.2563,
      0.4359,
      0.2251,
      0.1273,
      0.2575,
      0.1366,
      0.5337,
      0.0478,
      0.2179
    ],
    [
      0.0996,
      0.2918,
      1.0,
      0.4922,
      0.239,
      0.0814,
      0.3765,
      0.2368,
      0.2885,
      0.2332,
      0.2586,
      0.2192,
      0.3826,
      0.0912,
      0.2445
    ],
    [
      0.1803,
      0.3586,
      0.4922,
      1.0,
      0.3252,
      0.0524,
      0.4481,
      0.3716,
      0.3532,
      0.1878,
      0.277,
      0.2154,
      0.5276,
      0.0483,
      0.3651
    ],
    [
      0.0948,
      0.2852,
      0.239,
      0.3252,
      1.0,
      -0.0051,
      0.2877,
      0.2947,
      0.4161,
      0.1555,
      0.2249,
      0.2223,
      0.3111,
      0.001,
      0.1693
    ],
    [
      0.0489,
      0.049,
      0.0814,
      0.0524,
      -0.0051,
      1.0,
      0.0311,
      -0.0315,
      0.0783,
      0.2541,
      -0.0912,
      0.0883,
      0.0696,
      0.9664,
      -0.0177
    ],
    [
      0.1765,
      0.2563,
      0.3765,
      0.4481,
      0.2877,
      0.0311,
      1.0,
      0.3173,
      0.3415,
      0.1827,
      0.192,
      0.2178,
      0.2726,
      0.0025,
      0.5318
    ],
    [
      0.206,
      0.4359,
      0.2368,
      0.3716,
      0.2947,
      -0.0315,
      0.3173,
      1.0,
      0.2776,
      0.1449,
      0.2119,
      0.1367,
      0.4157,
      0.0029,
      0.2536
    ],
    [
      0.1319,
      0.2251,
      0.2885,
      0.3532,
      0.4161,
      0.0783,
      0.3415,
      0.2776,
      1.0,
      0.2569,
      0.1836,
      0.2894,
      0.2487,
      0.0732,
      0.2601
    ],
    [
      0.1136,
      0.1273,
      0.2332,
      0.1878,
      0.1555,
      0.2541,
      0.1827,
      0.1449,
      0.2569,
      1.0,
      0.1097,
      0.3255,
      0.2372,
      0.264,
      0.1177
    ],
    [
      -0.0297,
      0.2575,
      0.2586,
      0.277,
      0.2249,
      -0.0912,
      0.192,
      0.2119,
      0.1836,
      0.1097,
      1.0,
      0.1147,
      0.3147,
      -0.1062,
      0.2336
    ],
    [
      0.0789,
      0.1366,
      0.2192,
      0.2154,
      0.2223,
      0.0883,
      0.2178,
      0.1367,
      0.2894,
      0.3255,
      0.1147,
      1.0,
      0.2566,
      0.0978,
      0.134
    ],
    [
      0.1118,
      0.5337,
      0.3826,
      0.5276,
      0.3111,
      0.0696,
      0.2726,
      0.4157,
      0.2487,
      0.2372,
      0.3147,
      0.2566,
      1.0,
      0.0722,
      0.2747
    ],
    [
      0.0524,
      0.0478,
      0.0912,
      0.0483,
      0.001,
      0.9664,
      0.0025,
      0.0029,
      0.0732,
      0.264,
      -0.1062,
      0.0978,
      0.0722,
      1.0,
      -0.0278
    ],
    [
      0.0669,
      0.2179,
      0.2445,
      0.3651,
      0.1693,
      -0.0177,
      0.5318,
      0.2536,
      0.2601,
      0.1177,
      0.2336,
      0.134,
      0.2747,
      -0.0278,
      1.0
    ]
  ]
}