{
  "date": "2026-04-16",
  "window_days": 251,
  "tickers": [
    "AURA33.SA",
    "CMIG3.SA",
    "MDNE3.SA",
    "PETR3.SA",
    "PLPL3.SA",
    "SAPR11.SA",
    "TEND3.SA",
    "VALE3.SA",
    "VULC3.SA",
    "ABCB4.SA",
    "KLBN4.SA",
    "PRNR3.SA"
  ],
  "groups": {
    "ABCB4.SA": "model",
    "AURA33.SA": "both",
    "CMIG3.SA": "both",
    "KLBN4.SA": "model",
    "MDNE3.SA": "both",
    "PETR3.SA": "both",
    "PLPL3.SA": "both",
    "PRNR3.SA": "model",
    "SAPR11.SA": "both",
    "TEND3.SA": "both",
    "VALE3.SA": "both",
    "VULC3.SA": "both"
  },
  "matrix": [
    [
      1.0,
      0.1619,
      0.2263,
      -0.0234,
      0.2175,
      0.1852,
      0.17,
      0.2992,
      0.0329,
      0.2139,
      0.1306,
      0.1945
    ],
    [
      0.1619,
      1.0,
      0.2665,
      0.1145,
      0.1936,
      0.351,
      0.2196,
      0.1483,
      0.2504,
      0.2198,
      0.2412,
      0.2576
    ],
    [
      0.2263,
      0.2665,
      1.0,
      0.0209,
      0.4957,
      0.3202,
      0.4936,
      0.1531,
      0.3449,
      0.3244,
      0.2057,
      0.4486
    ],
    [
      -0.0234,
      0.1145,
      0.0209,
      1.0,
      0.046,
      0.0526,
      0.146,
      0.0146,
      0.0461,
      0.0255,
      0.0634,
      0.0503
    ],
    [
      0.2175,
      0.1936,
      0.4957,
      0.046,
      1.0,
      0.218,
      0.6223,
      0.1666,
      0.4059,
      0.2934,
      0.2442,
      0.3257
    ],
    [
      0.1852,
      0.351,
      0.3202,
      0.0526,
      0.218,
      1.0,
      0.1986,
      0.1457,
      0.256,
      0.3472,
      0.2256,
      0.2918
    ],
    [
      0.17,
      0.2196,
      0.4936,
      0.146,
      0.6223,
      0.1986,
      1.0,
      0.0878,
      0.2933,
      0.2521,
      0.1433,
      0.326
    ],
    [
      0.2992,
      0.1483,
      0.1531,
      0.0146,
      0.1666,
      0.1457,
      0.0878,
      1.0,
      0.1461,
      0.2322,
      0.3444,
      0.2377
    ],
    [
      0.0329,
      0.2504,
      0.3449,
      0.0461,
      0.4059,
      0.256,
      0.2933,
      0.1461,
      1.0,
      0.2986,
      0.3065,
      0.3267
    ],
    [
      0.2139,
      0.2198,
      0.3244,
      0.0255,
      0.2934,
      0.3472,
      0.2521,
      0.2322,
      0.2986,
      1.0,
      0.3355,
      0.4093
    ],
    [
      0.1306,
      0.2412,
      0.2057,
      0.0634,
      0.2442,
      0.2256,
      0.1433,
      0.3444,
      0.3065,
      0.3355,
      1.0,
      0.2289
    ],
    [
      0.1945,
      0.2576,
      0.4486,
      0.0503,
      0.3257,
      0.2918,
      0.326,
      0.2377,
      0.3267,
      0.4093,
      0.2289,
      1.0
    ]
  ]
}