{
  "date": "2026-05-08",
  "window_days": 251,
  "tickers": [
    "MDNE3.SA",
    "NEOE3.SA",
    "AMBP3.SA",
    "CMIG3.SA",
    "CXSE3.SA",
    "FRAS3.SA",
    "KLBN4.SA",
    "PRIO3.SA",
    "SLCE3.SA",
    "GGBR4.SA",
    "MILS3.SA",
    "PETR4.SA",
    "UGPA3.SA"
  ],
  "groups": {
    "AMBP3.SA": "both",
    "CMIG3.SA": "both",
    "CXSE3.SA": "both",
    "FRAS3.SA": "both",
    "GGBR4.SA": "model",
    "KLBN4.SA": "both",
    "MDNE3.SA": "holdings",
    "MILS3.SA": "model",
    "NEOE3.SA": "holdings",
    "PETR4.SA": "model",
    "PRIO3.SA": "both",
    "SLCE3.SA": "both",
    "UGPA3.SA": "model"
  },
  "matrix": [
    [
      1.0,
      0.3091,
      0.1113,
      0.2892,
      0.2983,
      0.3686,
      0.2235,
      -0.0911,
      0.1533,
      0.2606,
      0.4147,
      -0.0027,
      0.3258
    ],
    [
      0.3091,
      1.0,
      0.0126,
      0.1904,
      0.0819,
      0.1703,
      0.0946,
      0.0473,
      0.1098,
      0.0863,
      0.2127,
      0.0351,
      0.2113
    ],
    [
      0.1113,
      0.0126,
      1.0,
      0.1212,
      0.1166,
      0.106,
      0.0741,
      -0.0195,
      0.1053,
      0.011,
      0.0568,
      0.0421,
      0.102
    ],
    [
      0.2892,
      0.1904,
      0.1212,
      1.0,
      0.3121,
      0.1785,
      0.2597,
      -0.009,
      0.2802,
      0.2182,
      0.2844,
      0.0794,
      0.3131
    ],
    [
      0.2983,
      0.0819,
      0.1166,
      0.3121,
      1.0,
      0.3305,
      0.2624,
      -0.1167,
      0.2374,
      0.1251,
      0.3119,
      0.1053,
      0.2904
    ],
    [
      0.3686,
      0.1703,
      0.106,
      0.1785,
      0.3305,
      1.0,
      0.2418,
      0.0111,
      0.2125,
      0.2911,
      0.3591,
      0.0702,
      0.3343
    ],
    [
      0.2235,
      0.0946,
      0.0741,
      0.2597,
      0.2624,
      0.2418,
      1.0,
      0.0148,
      0.2115,
      0.3587,
      0.3269,
      0.0338,
      0.1781
    ],
    [
      -0.0911,
      0.0473,
      -0.0195,
      -0.009,
      -0.1167,
      0.0111,
      0.0148,
      1.0,
      0.1972,
      -0.004,
      -0.0588,
      0.5704,
      0.1236
    ],
    [
      0.1533,
      0.1098,
      0.1053,
      0.2802,
      0.2374,
      0.2125,
      0.2115,
      0.1972,
      1.0,
      0.1157,
      0.2001,
      0.2506,
      0.1126
    ],
    [
      0.2606,
      0.0863,
      0.011,
      0.2182,
      0.1251,
      0.2911,
      0.3587,
      -0.004,
      0.1157,
      1.0,
      0.2747,
      -0.0551,
      0.1979
    ],
    [
      0.4147,
      0.2127,
      0.0568,
      0.2844,
      0.3119,
      0.3591,
      0.3269,
      -0.0588,
      0.2001,
      0.2747,
      1.0,
      0.054,
      0.346
    ],
    [
      -0.0027,
      0.0351,
      0.0421,
      0.0794,
      0.1053,
      0.0702,
      0.0338,
      0.5704,
      0.2506,
      -0.0551,
      0.054,
      1.0,
      0.2624
    ],
    [
      0.3258,
      0.2113,
      0.102,
      0.3131,
      0.2904,
      0.3343,
      0.1781,
      0.1236,
      0.1126,
      0.1979,
      0.346,
      0.2624,
      1.0
    ]
  ]
}