{
  "date": "2026-05-20",
  "window_days": 251,
  "tickers": [
    "CMIG3.SA",
    "CXSE3.SA",
    "PRIO3.SA",
    "AMBP3.SA",
    "KLBN4.SA",
    "PETR4.SA",
    "SLCE3.SA",
    "VULC3.SA",
    "BBSE3.SA",
    "ISAE4.SA"
  ],
  "groups": {
    "AMBP3.SA": "both",
    "BBSE3.SA": "model",
    "CMIG3.SA": "holdings",
    "CXSE3.SA": "holdings",
    "ISAE4.SA": "model",
    "KLBN4.SA": "both",
    "PETR4.SA": "both",
    "PRIO3.SA": "holdings",
    "SLCE3.SA": "both",
    "VULC3.SA": "both"
  },
  "matrix": [
    [
      1.0,
      0.3141,
      0.0079,
      0.118,
      0.2683,
      0.0953,
      0.2527,
      0.3239,
      0.2806,
      0.4299
    ],
    [
      0.3141,
      1.0,
      -0.1151,
      0.1106,
      0.3093,
      0.1006,
      0.2477,
      0.3218,
      0.5334,
      0.5248
    ],
    [
      0.0079,
      -0.1151,
      1.0,
      -0.0204,
      -0.0169,
      0.5483,
      0.1929,
      -0.0867,
      -0.0092,
      -0.0471
    ],
    [
      0.118,
      0.1106,
      -0.0204,
      1.0,
      0.0831,
      0.034,
      0.1084,
      0.0495,
      0.1117,
      0.1802
    ],
    [
      0.2683,
      0.3093,
      -0.0169,
      0.0831,
      1.0,
      0.0006,
      0.1918,
      0.2959,
      0.2875,
      0.3459
    ],
    [
      0.0953,
      0.1006,
      0.5483,
      0.034,
      0.0006,
      1.0,
      0.2533,
      -0.0258,
      0.0862,
      0.0519
    ],
    [
      0.2527,
      0.2477,
      0.1929,
      0.1084,
      0.1918,
      0.2533,
      1.0,
      0.1465,
      0.1721,
      0.1834
    ],
    [
      0.3239,
      0.3218,
      -0.0867,
      0.0495,
      0.2959,
      -0.0258,
      0.1465,
      1.0,
      0.1813,
      0.4197
    ],
    [
      0.2806,
      0.5334,
      -0.0092,
      0.1117,
      0.2875,
      0.0862,
      0.1721,
      0.1813,
      1.0,
      0.3715
    ],
    [
      0.4299,
      0.5248,
      -0.0471,
      0.1802,
      0.3459,
      0.0519,
      0.1834,
      0.4197,
      0.3715,
      1.0
    ]
  ]
}