{
  "date": "2026-04-17",
  "window_days": 251,
  "tickers": [
    "CMIG3.SA",
    "MDNE3.SA",
    "PETR3.SA",
    "PLPL3.SA",
    "SAPR11.SA",
    "TEND3.SA",
    "VALE3.SA",
    "VULC3.SA",
    "AMBP3.SA",
    "CXSE3.SA",
    "KLBN4.SA"
  ],
  "groups": {
    "AMBP3.SA": "model",
    "CMIG3.SA": "both",
    "CXSE3.SA": "model",
    "KLBN4.SA": "model",
    "MDNE3.SA": "both",
    "PETR3.SA": "both",
    "PLPL3.SA": "both",
    "SAPR11.SA": "both",
    "TEND3.SA": "both",
    "VALE3.SA": "both",
    "VULC3.SA": "both"
  },
  "matrix": [
    [
      1.0,
      0.2724,
      0.1148,
      0.1918,
      0.346,
      0.2233,
      0.1522,
      0.2483,
      0.1231,
      0.2989,
      0.2478
    ],
    [
      0.2724,
      1.0,
      0.0046,
      0.5022,
      0.3293,
      0.4915,
      0.1541,
      0.3515,
      0.1069,
      0.2835,
      0.2001
    ],
    [
      0.1148,
      0.0046,
      1.0,
      0.04,
      0.0712,
      0.1386,
      -0.01,
      0.0416,
      0.0367,
      0.0995,
      0.0562
    ],
    [
      0.1918,
      0.5022,
      0.04,
      1.0,
      0.2116,
      0.6258,
      0.1727,
      0.4055,
      0.153,
      0.2727,
      0.2492
    ],
    [
      0.346,
      0.3293,
      0.0712,
      0.2116,
      1.0,
      0.2058,
      0.1471,
      0.2495,
      0.1342,
      0.2429,
      0.2387
    ],
    [
      0.2233,
      0.4915,
      0.1386,
      0.6258,
      0.2058,
      1.0,
      0.0856,
      0.2967,
      0.1144,
      0.2541,
      0.1396
    ],
    [
      0.1522,
      0.1541,
      -0.01,
      0.1727,
      0.1471,
      0.0856,
      1.0,
      0.1521,
      0.0769,
      0.1443,
      0.3397
    ],
    [
      0.2483,
      0.3515,
      0.0416,
      0.4055,
      0.2495,
      0.2967,
      0.1521,
      1.0,
      0.0465,
      0.173,
      0.3124
    ],
    [
      0.1231,
      0.1069,
      0.0367,
      0.153,
      0.1342,
      0.1144,
      0.0769,
      0.0465,
      1.0,
      0.1315,
      0.0703
    ],
    [
      0.2989,
      0.2835,
      0.0995,
      0.2727,
      0.2429,
      0.2541,
      0.1443,
      0.173,
      0.1315,
      1.0,
      0.2206
    ],
    [
      0.2478,
      0.2001,
      0.0562,
      0.2492,
      0.2387,
      0.1396,
      0.3397,
      0.3124,
      0.0703,
      0.2206,
      1.0
    ]
  ]
}