{
  "date": "2026-05-12",
  "window_days": 251,
  "tickers": [
    "FRAS3.SA",
    "MDNE3.SA",
    "NEOE3.SA",
    "AMBP3.SA",
    "CMIG3.SA",
    "CXSE3.SA",
    "KLBN4.SA",
    "PRIO3.SA",
    "SLCE3.SA",
    "PETR4.SA",
    "VULC3.SA"
  ],
  "groups": {
    "AMBP3.SA": "both",
    "CMIG3.SA": "both",
    "CXSE3.SA": "both",
    "FRAS3.SA": "holdings",
    "KLBN4.SA": "both",
    "MDNE3.SA": "holdings",
    "NEOE3.SA": "holdings",
    "PETR4.SA": "model",
    "PRIO3.SA": "both",
    "SLCE3.SA": "both",
    "VULC3.SA": "model"
  },
  "matrix": [
    [
      1.0,
      0.3809,
      0.1841,
      0.1135,
      0.1812,
      0.3314,
      0.2381,
      0.0174,
      0.1983,
      0.08,
      0.407
    ],
    [
      0.3809,
      1.0,
      0.3019,
      0.1114,
      0.2927,
      0.3127,
      0.2187,
      -0.0975,
      0.1506,
      -0.007,
      0.3961
    ],
    [
      0.1841,
      0.3019,
      1.0,
      0.0142,
      0.1988,
      0.1144,
      0.0594,
      0.0312,
      0.1033,
      0.0266,
      0.2285
    ],
    [
      0.1135,
      0.1114,
      0.0142,
      1.0,
      0.1198,
      0.1161,
      0.0768,
      -0.0191,
      0.1082,
      0.0414,
      0.0511
    ],
    [
      0.1812,
      0.2927,
      0.1988,
      0.1198,
      1.0,
      0.3176,
      0.2701,
      -0.0118,
      0.2785,
      0.0821,
      0.31
    ],
    [
      0.3314,
      0.3127,
      0.1144,
      0.1161,
      0.3176,
      1.0,
      0.2919,
      -0.1105,
      0.2397,
      0.1091,
      0.3039
    ],
    [
      0.2381,
      0.2187,
      0.0594,
      0.0768,
      0.2701,
      0.2919,
      1.0,
      0.0022,
      0.2003,
      0.029,
      0.289
    ],
    [
      0.0174,
      -0.0975,
      0.0312,
      -0.0191,
      -0.0118,
      -0.1105,
      0.0022,
      1.0,
      0.1981,
      0.5638,
      -0.0752
    ],
    [
      0.1983,
      0.1506,
      0.1033,
      0.1082,
      0.2785,
      0.2397,
      0.2003,
      0.1981,
      1.0,
      0.2526,
      0.1672
    ],
    [
      0.08,
      -0.007,
      0.0266,
      0.0414,
      0.0821,
      0.1091,
      0.029,
      0.5638,
      0.2526,
      1.0,
      -0.0225
    ],
    [
      0.407,
      0.3961,
      0.2285,
      0.0511,
      0.31,
      0.3039,
      0.289,
      -0.0752,
      0.1672,
      -0.0225,
      1.0
    ]
  ]
}