{
  "date": "2026-06-05",
  "window_days": 251,
  "tickers": [
    "AMBP3.SA",
    "BBSE3.SA",
    "CMIG3.SA",
    "ISAE4.SA",
    "KLBN4.SA",
    "PETR4.SA",
    "PNVL3.SA",
    "PSSA3.SA",
    "RANI3.SA",
    "SLCE3.SA",
    "WEGE3.SA",
    "PETR3.SA"
  ],
  "groups": {
    "AMBP3.SA": "both",
    "BBSE3.SA": "both",
    "CMIG3.SA": "both",
    "ISAE4.SA": "both",
    "KLBN4.SA": "both",
    "PETR3.SA": "model",
    "PETR4.SA": "both",
    "PNVL3.SA": "both",
    "PSSA3.SA": "both",
    "RANI3.SA": "both",
    "SLCE3.SA": "both",
    "WEGE3.SA": "both"
  },
  "matrix": [
    [
      1.0,
      0.1151,
      0.0955,
      0.1798,
      0.0953,
      0.0473,
      0.1759,
      0.2062,
      0.1311,
      0.1108,
      -0.0239,
      0.0507
    ],
    [
      0.1151,
      1.0,
      0.3015,
      0.3588,
      0.2838,
      0.0567,
      0.2577,
      0.4353,
      0.2277,
      0.136,
      0.239,
      0.0554
    ],
    [
      0.0955,
      0.3015,
      1.0,
      0.4842,
      0.2364,
      0.0974,
      0.3721,
      0.2352,
      0.2898,
      0.2327,
      0.2394,
      0.106
    ],
    [
      0.1798,
      0.3588,
      0.4842,
      1.0,
      0.3257,
      0.051,
      0.4476,
      0.3718,
      0.3524,
      0.1854,
      0.283,
      0.0468
    ],
    [
      0.0953,
      0.2838,
      0.2364,
      0.3257,
      1.0,
      -0.0055,
      0.2882,
      0.2947,
      0.416,
      0.1579,
      0.2233,
      0.0007
    ],
    [
      0.0473,
      0.0567,
      0.0974,
      0.051,
      -0.0055,
      1.0,
      0.0316,
      -0.0307,
      0.0815,
      0.2582,
      -0.1078,
      0.9668
    ],
    [
      0.1759,
      0.2577,
      0.3721,
      0.4476,
      0.2882,
      0.0316,
      1.0,
      0.3176,
      0.3413,
      0.181,
      0.1953,
      0.003
    ],
    [
      0.2062,
      0.4353,
      0.2352,
      0.3718,
      0.2947,
      -0.0307,
      0.3176,
      1.0,
      0.2778,
      0.1466,
      0.2104,
      0.0035
    ],
    [
      0.1311,
      0.2277,
      0.2898,
      0.3524,
      0.416,
      0.0815,
      0.3413,
      0.2778,
      1.0,
      0.258,
      0.1806,
      0.0762
    ],
    [
      0.1108,
      0.136,
      0.2327,
      0.1854,
      0.1579,
      0.2582,
      0.181,
      0.1466,
      0.258,
      1.0,
      0.1224,
      0.2675
    ],
    [
      -0.0239,
      0.239,
      0.2394,
      0.283,
      0.2233,
      -0.1078,
      0.1953,
      0.2104,
      0.1806,
      0.1224,
      1.0,
      -0.1211
    ],
    [
      0.0507,
      0.0554,
      0.106,
      0.0468,
      0.0007,
      0.9668,
      0.003,
      0.0035,
      0.0762,
      0.2675,
      -0.1211,
      1.0
    ]
  ]
}