{
  "date": "2026-04-17",
  "window_days": 214,
  "tickers": [
    "CMIG3.SA",
    "MDNE3.SA",
    "PETR3.SA",
    "PLPL3.SA",
    "SAPR11.SA",
    "TEND3.SA",
    "VALE3.SA",
    "VULC3.SA",
    "CXSE3.SA",
    "JBSS32.SA",
    "KLBN4.SA",
    "PETR4.SA",
    "PRIO3.SA",
    "WEGE3.SA"
  ],
  "groups": {
    "CMIG3.SA": "both",
    "CXSE3.SA": "model",
    "JBSS32.SA": "model",
    "KLBN4.SA": "model",
    "MDNE3.SA": "both",
    "PETR3.SA": "both",
    "PETR4.SA": "model",
    "PLPL3.SA": "both",
    "PRIO3.SA": "model",
    "SAPR11.SA": "both",
    "TEND3.SA": "both",
    "VALE3.SA": "both",
    "VULC3.SA": "both",
    "WEGE3.SA": "model"
  },
  "matrix": [
    [
      1.0,
      0.2915,
      0.1348,
      0.2867,
      0.368,
      0.3209,
      0.2005,
      0.2976,
      0.3575,
      0.0832,
      0.2588,
      0.1241,
      0.0008,
      0.2221
    ],
    [
      0.2915,
      1.0,
      -0.0016,
      0.5555,
      0.3041,
      0.5708,
      0.1504,
      0.4017,
      0.3418,
      0.0159,
      0.2357,
      -0.0128,
      -0.091,
      0.1438
    ],
    [
      0.1348,
      -0.0016,
      1.0,
      0.0656,
      0.0767,
      0.1771,
      -0.0393,
      -0.0064,
      0.147,
      0.0055,
      0.038,
      0.9667,
      0.552,
      -0.0438
    ],
    [
      0.2867,
      0.5555,
      0.0656,
      1.0,
      0.2637,
      0.6382,
      0.1874,
      0.423,
      0.3411,
      0.1131,
      0.2808,
      0.0581,
      -0.1125,
      0.1934
    ],
    [
      0.368,
      0.3041,
      0.0767,
      0.2637,
      1.0,
      0.2725,
      0.1595,
      0.2493,
      0.2495,
      0.1426,
      0.2134,
      0.0637,
      0.0287,
      0.19
    ],
    [
      0.3209,
      0.5708,
      0.1771,
      0.6382,
      0.2725,
      1.0,
      0.0792,
      0.3438,
      0.2706,
      0.0242,
      0.1827,
      0.1457,
      -0.0303,
      0.1752
    ],
    [
      0.2005,
      0.1504,
      -0.0393,
      0.1874,
      0.1595,
      0.0792,
      1.0,
      0.1722,
      0.1589,
      0.1137,
      0.3369,
      -0.0344,
      -0.0549,
      0.1724
    ],
    [
      0.2976,
      0.4017,
      -0.0064,
      0.423,
      0.2493,
      0.3438,
      0.1722,
      1.0,
      0.2879,
      0.0347,
      0.2653,
      -0.0137,
      -0.0698,
      0.1327
    ],
    [
      0.3575,
      0.3418,
      0.147,
      0.3411,
      0.2495,
      0.2706,
      0.1589,
      0.2879,
      1.0,
      0.0991,
      0.2878,
      0.1437,
      -0.066,
      0.2674
    ],
    [
      0.0832,
      0.0159,
      0.0055,
      0.1131,
      0.1426,
      0.0242,
      0.1137,
      0.0347,
      0.0991,
      1.0,
      0.137,
      0.0152,
      -0.0621,
      0.1415
    ],
    [
      0.2588,
      0.2357,
      0.038,
      0.2808,
      0.2134,
      0.1827,
      0.3369,
      0.2653,
      0.2878,
      0.137,
      1.0,
      0.0391,
      0.0065,
      0.2167
    ],
    [
      0.1241,
      -0.0128,
      0.9667,
      0.0581,
      0.0637,
      0.1457,
      -0.0344,
      -0.0137,
      0.1437,
      0.0152,
      0.0391,
      1.0,
      0.575,
      -0.0317
    ],
    [
      0.0008,
      -0.091,
      0.552,
      -0.1125,
      0.0287,
      -0.0303,
      -0.0549,
      -0.0698,
      -0.066,
      -0.0621,
      0.0065,
      0.575,
      1.0,
      0.0074
    ],
    [
      0.2221,
      0.1438,
      -0.0438,
      0.1934,
      0.19,
      0.1752,
      0.1724,
      0.1327,
      0.2674,
      0.1415,
      0.2167,
      -0.0317,
      0.0074,
      1.0
    ]
  ]
}