{
  "date": "2026-03-30",
  "window_days": 251,
  "tickers": [
    "VULC3.SA",
    "AURA33.SA",
    "CMIG3.SA",
    "MDNE3.SA",
    "PETR3.SA",
    "PLPL3.SA",
    "SAPR11.SA",
    "TEND3.SA",
    "VALE3.SA",
    "ENEV3.SA",
    "NEOE3.SA",
    "PNVL3.SA",
    "UGPA3.SA"
  ],
  "groups": {
    "AURA33.SA": "both",
    "CMIG3.SA": "both",
    "ENEV3.SA": "model",
    "MDNE3.SA": "both",
    "NEOE3.SA": "model",
    "PETR3.SA": "both",
    "PLPL3.SA": "both",
    "PNVL3.SA": "model",
    "SAPR11.SA": "both",
    "TEND3.SA": "both",
    "UGPA3.SA": "model",
    "VALE3.SA": "both",
    "VULC3.SA": "holdings"
  },
  "matrix": [
    [
      1.0,
      0.0419,
      0.2336,
      0.3381,
      0.1208,
      0.393,
      0.2714,
      0.3044,
      0.1822,
      0.2721,
      0.2455,
      0.3432,
      0.3009
    ],
    [
      0.0419,
      1.0,
      0.1408,
      0.2049,
      0.0403,
      0.211,
      0.1663,
      0.1602,
      0.3023,
      0.0565,
      0.1008,
      0.114,
      0.172
    ],
    [
      0.2336,
      0.1408,
      1.0,
      0.2516,
      0.1786,
      0.1675,
      0.3456,
      0.1785,
      0.1383,
      0.2049,
      0.241,
      0.2529,
      0.3229
    ],
    [
      0.3381,
      0.2049,
      0.2516,
      1.0,
      0.0892,
      0.476,
      0.3371,
      0.482,
      0.1588,
      0.3606,
      0.3137,
      0.3152,
      0.372
    ],
    [
      0.1208,
      0.0403,
      0.1786,
      0.0892,
      1.0,
      0.1123,
      0.128,
      0.2334,
      0.1481,
      0.1083,
      0.0432,
      0.0953,
      0.288
    ],
    [
      0.393,
      0.211,
      0.1675,
      0.476,
      0.1123,
      1.0,
      0.1875,
      0.6085,
      0.174,
      0.2476,
      0.2655,
      0.283,
      0.3524
    ],
    [
      0.2714,
      0.1663,
      0.3456,
      0.3371,
      0.128,
      0.1875,
      1.0,
      0.2094,
      0.1484,
      0.2903,
      0.277,
      0.3463,
      0.3643
    ],
    [
      0.3044,
      0.1602,
      0.1785,
      0.482,
      0.2334,
      0.6085,
      0.2094,
      1.0,
      0.0962,
      0.2761,
      0.2215,
      0.3478,
      0.4061
    ],
    [
      0.1822,
      0.3023,
      0.1383,
      0.1588,
      0.1481,
      0.174,
      0.1484,
      0.0962,
      1.0,
      0.107,
      0.0436,
      0.2844,
      0.1563
    ],
    [
      0.2721,
      0.0565,
      0.2049,
      0.3606,
      0.1083,
      0.2476,
      0.2903,
      0.2761,
      0.107,
      1.0,
      0.2413,
      0.3143,
      0.3019
    ],
    [
      0.2455,
      0.1008,
      0.241,
      0.3137,
      0.0432,
      0.2655,
      0.277,
      0.2215,
      0.0436,
      0.2413,
      1.0,
      0.0842,
      0.2597
    ],
    [
      0.3432,
      0.114,
      0.2529,
      0.3152,
      0.0953,
      0.283,
      0.3463,
      0.3478,
      0.2844,
      0.3143,
      0.0842,
      1.0,
      0.375
    ],
    [
      0.3009,
      0.172,
      0.3229,
      0.372,
      0.288,
      0.3524,
      0.3643,
      0.4061,
      0.1563,
      0.3019,
      0.2597,
      0.375,
      1.0
    ]
  ]
}