{
  "date": "2026-06-03",
  "window_days": 251,
  "tickers": [
    "ISAE4.SA",
    "PETR4.SA",
    "PNVL3.SA",
    "PSSA3.SA",
    "RANI3.SA",
    "WEGE3.SA",
    "AMBP3.SA",
    "BBSE3.SA",
    "CMIG3.SA",
    "KLBN4.SA",
    "SLCE3.SA",
    "CURY3.SA",
    "PETR3.SA",
    "RADL3.SA"
  ],
  "groups": {
    "AMBP3.SA": "both",
    "BBSE3.SA": "both",
    "CMIG3.SA": "both",
    "CURY3.SA": "model",
    "ISAE4.SA": "holdings",
    "KLBN4.SA": "both",
    "PETR3.SA": "model",
    "PETR4.SA": "holdings",
    "PNVL3.SA": "holdings",
    "PSSA3.SA": "holdings",
    "RADL3.SA": "model",
    "RANI3.SA": "holdings",
    "SLCE3.SA": "both",
    "WEGE3.SA": "holdings"
  },
  "matrix": [
    [
      1.0,
      0.0457,
      0.4514,
      0.3716,
      0.3538,
      0.2842,
      0.1799,
      0.3595,
      0.4856,
      0.3299,
      0.1864,
      0.5298,
      0.0432,
      0.3657
    ],
    [
      0.0457,
      1.0,
      0.0221,
      -0.0334,
      0.0715,
      -0.1011,
      0.0433,
      0.0679,
      0.0949,
      -0.0069,
      0.2453,
      -0.0919,
      0.9663,
      -0.0245
    ],
    [
      0.4514,
      0.0221,
      1.0,
      0.3171,
      0.3442,
      0.2122,
      0.1734,
      0.2793,
      0.3833,
      0.3094,
      0.1624,
      0.4176,
      -0.0057,
      0.5326
    ],
    [
      0.3716,
      -0.0334,
      0.3171,
      1.0,
      0.2776,
      0.2133,
      0.2056,
      0.4395,
      0.2366,
      0.299,
      0.1442,
      0.2901,
      0.0012,
      0.2512
    ],
    [
      0.3538,
      0.0715,
      0.3442,
      0.2776,
      1.0,
      0.1796,
      0.132,
      0.2244,
      0.2917,
      0.4209,
      0.2623,
      0.2992,
      0.0697,
      0.2548
    ],
    [
      0.2842,
      -0.1011,
      0.2122,
      0.2133,
      0.1796,
      1.0,
      -0.022,
      0.2342,
      0.237,
      0.2165,
      0.1324,
      0.2535,
      -0.116,
      0.2395
    ],
    [
      0.1799,
      0.0433,
      0.1734,
      0.2056,
      0.132,
      -0.022,
      1.0,
      0.1174,
      0.0971,
      0.0993,
      0.1088,
      0.1336,
      0.0478,
      0.0674
    ],
    [
      0.3595,
      0.0679,
      0.2793,
      0.4395,
      0.2244,
      0.2342,
      0.1174,
      1.0,
      0.2977,
      0.2738,
      0.147,
      0.2213,
      0.0642,
      0.2169
    ],
    [
      0.4856,
      0.0949,
      0.3833,
      0.2366,
      0.2917,
      0.237,
      0.0971,
      0.2977,
      1.0,
      0.236,
      0.2401,
      0.3286,
      0.1049,
      0.2345
    ],
    [
      0.3299,
      -0.0069,
      0.3094,
      0.299,
      0.4209,
      0.2165,
      0.0993,
      0.2738,
      0.236,
      1.0,
      0.1743,
      0.2613,
      0.001,
      0.172
    ],
    [
      0.1864,
      0.2453,
      0.1624,
      0.1442,
      0.2623,
      0.1324,
      0.1088,
      0.147,
      0.2401,
      0.1743,
      1.0,
      0.0942,
      0.2585,
      0.1156
    ],
    [
      0.5298,
      -0.0919,
      0.4176,
      0.2901,
      0.2992,
      0.2535,
      0.1336,
      0.2213,
      0.3286,
      0.2613,
      0.0942,
      1.0,
      -0.0847,
      0.3741
    ],
    [
      0.0432,
      0.9663,
      -0.0057,
      0.0012,
      0.0697,
      -0.116,
      0.0478,
      0.0642,
      0.1049,
      0.001,
      0.2585,
      -0.0847,
      1.0,
      -0.0348
    ],
    [
      0.3657,
      -0.0245,
      0.5326,
      0.2512,
      0.2548,
      0.2395,
      0.0674,
      0.2169,
      0.2345,
      0.172,
      0.1156,
      0.3741,
      -0.0348,
      1.0
    ]
  ]
}