{
  "date": "2026-03-27",
  "window_days": 251,
  "tickers": [
    "VULC3.SA",
    "AURA33.SA",
    "CMIG3.SA",
    "MDNE3.SA",
    "PETR3.SA",
    "PLPL3.SA",
    "SAPR11.SA",
    "TEND3.SA",
    "VALE3.SA",
    "DASA3.SA",
    "ENEV3.SA",
    "NEOE3.SA",
    "PNVL3.SA",
    "UGPA3.SA"
  ],
  "groups": {
    "AURA33.SA": "both",
    "CMIG3.SA": "both",
    "DASA3.SA": "model",
    "ENEV3.SA": "model",
    "MDNE3.SA": "both",
    "NEOE3.SA": "model",
    "PETR3.SA": "both",
    "PLPL3.SA": "both",
    "PNVL3.SA": "model",
    "SAPR11.SA": "both",
    "TEND3.SA": "both",
    "UGPA3.SA": "model",
    "VALE3.SA": "both",
    "VULC3.SA": "holdings"
  },
  "matrix": [
    [
      1.0,
      0.0415,
      0.2349,
      0.3384,
      0.1203,
      0.3932,
      0.2709,
      0.3045,
      0.1818,
      0.2267,
      0.2715,
      0.2456,
      0.3448,
      0.301
    ],
    [
      0.0415,
      1.0,
      0.142,
      0.2054,
      0.0405,
      0.2119,
      0.1654,
      0.1601,
      0.3024,
      0.031,
      0.0551,
      0.1005,
      0.1158,
      0.1717
    ],
    [
      0.2349,
      0.142,
      1.0,
      0.2514,
      0.1797,
      0.1668,
      0.3469,
      0.1787,
      0.1394,
      0.1064,
      0.2061,
      0.2411,
      0.2509,
      0.323
    ],
    [
      0.3384,
      0.2054,
      0.2514,
      1.0,
      0.0901,
      0.4763,
      0.3367,
      0.4818,
      0.1596,
      0.2796,
      0.3595,
      0.3132,
      0.3156,
      0.3713
    ],
    [
      0.1203,
      0.0405,
      0.1797,
      0.0901,
      1.0,
      0.1139,
      0.1267,
      0.2331,
      0.1485,
      0.0983,
      0.1061,
      0.0426,
      0.0976,
      0.2872
    ],
    [
      0.3932,
      0.2119,
      0.1668,
      0.4763,
      0.1139,
      1.0,
      0.1867,
      0.6078,
      0.1753,
      0.1775,
      0.2458,
      0.2646,
      0.2834,
      0.3511
    ],
    [
      0.2709,
      0.1654,
      0.3469,
      0.3367,
      0.1267,
      0.1867,
      1.0,
      0.2095,
      0.1472,
      0.2086,
      0.2907,
      0.2775,
      0.3469,
      0.3649
    ],
    [
      0.3045,
      0.1601,
      0.1787,
      0.4818,
      0.2331,
      0.6078,
      0.2095,
      1.0,
      0.096,
      0.2149,
      0.2761,
      0.2215,
      0.3479,
      0.4061
    ],
    [
      0.1818,
      0.3024,
      0.1394,
      0.1596,
      0.1485,
      0.1753,
      0.1472,
      0.096,
      1.0,
      0.1821,
      0.1052,
      0.0432,
      0.2866,
      0.1558
    ],
    [
      0.2267,
      0.031,
      0.1064,
      0.2796,
      0.0983,
      0.1775,
      0.2086,
      0.2149,
      0.1821,
      1.0,
      0.2032,
      0.0577,
      0.239,
      0.3058
    ],
    [
      0.2715,
      0.0551,
      0.2061,
      0.3595,
      0.1061,
      0.2458,
      0.2907,
      0.2761,
      0.1052,
      0.2032,
      1.0,
      0.2419,
      0.3141,
      0.3027
    ],
    [
      0.2456,
      0.1005,
      0.2411,
      0.3132,
      0.0426,
      0.2646,
      0.2775,
      0.2215,
      0.0432,
      0.0577,
      0.2419,
      1.0,
      0.0836,
      0.26
    ],
    [
      0.3448,
      0.1158,
      0.2509,
      0.3156,
      0.0976,
      0.2834,
      0.3469,
      0.3479,
      0.2866,
      0.239,
      0.3141,
      0.0836,
      1.0,
      0.3742
    ],
    [
      0.301,
      0.1717,
      0.323,
      0.3713,
      0.2872,
      0.3511,
      0.3649,
      0.4061,
      0.1558,
      0.3058,
      0.3027,
      0.26,
      0.3742,
      1.0
    ]
  ]
}