{
  "date": "2026-05-11",
  "window_days": 251,
  "tickers": [
    "FRAS3.SA",
    "MDNE3.SA",
    "NEOE3.SA",
    "AMBP3.SA",
    "CMIG3.SA",
    "CXSE3.SA",
    "KLBN4.SA",
    "PRIO3.SA",
    "SLCE3.SA",
    "PETR4.SA",
    "VULC3.SA"
  ],
  "groups": {
    "AMBP3.SA": "both",
    "CMIG3.SA": "both",
    "CXSE3.SA": "both",
    "FRAS3.SA": "holdings",
    "KLBN4.SA": "both",
    "MDNE3.SA": "holdings",
    "NEOE3.SA": "holdings",
    "PETR4.SA": "model",
    "PRIO3.SA": "both",
    "SLCE3.SA": "both",
    "VULC3.SA": "model"
  },
  "matrix": [
    [
      1.0,
      0.3774,
      0.1967,
      0.1066,
      0.1782,
      0.322,
      0.2575,
      0.0182,
      0.214,
      0.0749,
      0.3863
    ],
    [
      0.3774,
      1.0,
      0.3026,
      0.111,
      0.2923,
      0.3119,
      0.2193,
      -0.0968,
      0.1524,
      -0.0087,
      0.3938
    ],
    [
      0.1967,
      0.3026,
      1.0,
      0.0125,
      0.198,
      0.1127,
      0.0688,
      0.032,
      0.1109,
      0.0244,
      0.2226
    ],
    [
      0.1066,
      0.111,
      0.0125,
      1.0,
      0.1207,
      0.1167,
      0.0739,
      -0.0196,
      0.1054,
      0.0424,
      0.0526
    ],
    [
      0.1782,
      0.2923,
      0.198,
      0.1207,
      1.0,
      0.3158,
      0.2659,
      -0.0086,
      0.2792,
      0.0767,
      0.3073
    ],
    [
      0.322,
      0.3119,
      0.1127,
      0.1167,
      0.3158,
      1.0,
      0.287,
      -0.1092,
      0.2379,
      0.1069,
      0.3029
    ],
    [
      0.2575,
      0.2193,
      0.0688,
      0.0739,
      0.2659,
      0.287,
      1.0,
      0.0046,
      0.2111,
      0.0236,
      0.278
    ],
    [
      0.0182,
      -0.0968,
      0.032,
      -0.0196,
      -0.0086,
      -0.1092,
      0.0046,
      1.0,
      0.1973,
      0.5686,
      -0.0738
    ],
    [
      0.214,
      0.1524,
      0.1109,
      0.1054,
      0.2792,
      0.2379,
      0.2111,
      0.1973,
      1.0,
      0.2511,
      0.1612
    ],
    [
      0.0749,
      -0.0087,
      0.0244,
      0.0424,
      0.0767,
      0.1069,
      0.0236,
      0.5686,
      0.2511,
      1.0,
      -0.0248
    ],
    [
      0.3863,
      0.3938,
      0.2226,
      0.0526,
      0.3073,
      0.3029,
      0.278,
      -0.0738,
      0.1612,
      -0.0248,
      1.0
    ]
  ]
}