{
  "date": "2026-05-27",
  "window_days": 251,
  "tickers": [
    "AERI3.SA",
    "PETR4.SA",
    "PSSA3.SA",
    "RANI3.SA",
    "AMBP3.SA",
    "CMIG3.SA",
    "FRAS3.SA",
    "KLBN4.SA",
    "BBSE3.SA",
    "CPLE3.SA",
    "CURY3.SA",
    "ITSA4.SA",
    "NEOE3.SA",
    "PETR3.SA",
    "SLCE3.SA"
  ],
  "groups": {
    "AERI3.SA": "holdings",
    "AMBP3.SA": "both",
    "BBSE3.SA": "model",
    "CMIG3.SA": "both",
    "CPLE3.SA": "model",
    "CURY3.SA": "model",
    "FRAS3.SA": "both",
    "ITSA4.SA": "model",
    "KLBN4.SA": "both",
    "NEOE3.SA": "model",
    "PETR3.SA": "model",
    "PETR4.SA": "holdings",
    "PSSA3.SA": "holdings",
    "RANI3.SA": "holdings",
    "SLCE3.SA": "model"
  },
  "matrix": [
    [
      1.0,
      -0.0068,
      -0.009,
      0.0802,
      -0.0186,
      0.0998,
      0.0334,
      0.1869,
      0.0924,
      0.0831,
      0.0888,
      0.0983,
      0.0612,
      -0.0005,
      0.0323
    ],
    [
      -0.0068,
      1.0,
      -0.0324,
      0.0785,
      0.0369,
      0.0963,
      0.0447,
      -0.0029,
      0.0792,
      0.0975,
      -0.0862,
      0.0695,
      0.0308,
      0.9655,
      0.2505
    ],
    [
      -0.009,
      -0.0324,
      1.0,
      0.2712,
      0.2211,
      0.2144,
      0.2998,
      0.2856,
      0.4301,
      0.3937,
      0.2837,
      0.4024,
      0.1932,
      0.0014,
      0.1397
    ],
    [
      0.0802,
      0.0785,
      0.2712,
      1.0,
      0.1165,
      0.2181,
      0.382,
      0.4132,
      0.2163,
      0.3464,
      0.3059,
      0.4067,
      0.063,
      0.0756,
      0.2651
    ],
    [
      -0.0186,
      0.0369,
      0.2211,
      0.1165,
      1.0,
      0.1154,
      0.1179,
      0.0826,
      0.1113,
      0.1069,
      0.1269,
      0.1726,
      0.0109,
      0.0424,
      0.1065
    ],
    [
      0.0998,
      0.0963,
      0.2144,
      0.2181,
      0.1154,
      1.0,
      0.1995,
      0.267,
      0.2796,
      0.4189,
      0.2871,
      0.4016,
      0.1746,
      0.1143,
      0.2445
    ],
    [
      0.0334,
      0.0447,
      0.2998,
      0.382,
      0.1179,
      0.1995,
      1.0,
      0.2445,
      0.1584,
      0.3803,
      0.3782,
      0.4648,
      0.1796,
      0.0673,
      0.1906
    ],
    [
      0.1869,
      -0.0029,
      0.2856,
      0.4132,
      0.0826,
      0.267,
      0.2445,
      1.0,
      0.2897,
      0.3384,
      0.2682,
      0.3983,
      0.0564,
      0.0075,
      0.1896
    ],
    [
      0.0924,
      0.0792,
      0.4301,
      0.2163,
      0.1113,
      0.2796,
      0.1584,
      0.2897,
      1.0,
      0.3515,
      0.2294,
      0.3846,
      0.1297,
      0.078,
      0.1655
    ],
    [
      0.0831,
      0.0975,
      0.3937,
      0.3464,
      0.1069,
      0.4189,
      0.3803,
      0.3384,
      0.3515,
      1.0,
      0.4843,
      0.6453,
      0.3242,
      0.1174,
      0.1727
    ],
    [
      0.0888,
      -0.0862,
      0.2837,
      0.3059,
      0.1269,
      0.2871,
      0.3782,
      0.2682,
      0.2294,
      0.4843,
      1.0,
      0.5489,
      0.2162,
      -0.0779,
      0.0921
    ],
    [
      0.0983,
      0.0695,
      0.4024,
      0.4067,
      0.1726,
      0.4016,
      0.4648,
      0.3983,
      0.3846,
      0.6453,
      0.5489,
      1.0,
      0.2425,
      0.0838,
      0.1356
    ],
    [
      0.0612,
      0.0308,
      0.1932,
      0.063,
      0.0109,
      0.1746,
      0.1796,
      0.0564,
      0.1297,
      0.3242,
      0.2162,
      0.2425,
      1.0,
      0.0274,
      0.0831
    ],
    [
      -0.0005,
      0.9655,
      0.0014,
      0.0756,
      0.0424,
      0.1143,
      0.0673,
      0.0075,
      0.078,
      0.1174,
      -0.0779,
      0.0838,
      0.0274,
      1.0,
      0.263
    ],
    [
      0.0323,
      0.2505,
      0.1397,
      0.2651,
      0.1065,
      0.2445,
      0.1906,
      0.1896,
      0.1655,
      0.1727,
      0.0921,
      0.1356,
      0.0831,
      0.263,
      1.0
    ]
  ]
}