{
  "date": "2026-06-09",
  "window_days": 251,
  "tickers": [
    "ISAE4.SA",
    "PNVL3.SA",
    "PSSA3.SA",
    "RANI3.SA",
    "WEGE3.SA",
    "AMBP3.SA",
    "BBSE3.SA",
    "CMIG3.SA",
    "KLBN4.SA",
    "PETR4.SA",
    "SLCE3.SA",
    "AURA33.SA",
    "BPAC11.SA",
    "CURY3.SA",
    "ORVR3.SA",
    "PETR3.SA",
    "POSI3.SA",
    "PRIO3.SA",
    "PRNR3.SA",
    "SAPR11.SA",
    "TEND3.SA"
  ],
  "groups": {
    "AMBP3.SA": "both",
    "AURA33.SA": "model",
    "BBSE3.SA": "both",
    "BPAC11.SA": "model",
    "CMIG3.SA": "both",
    "CURY3.SA": "model",
    "ISAE4.SA": "holdings",
    "KLBN4.SA": "both",
    "ORVR3.SA": "model",
    "PETR3.SA": "model",
    "PETR4.SA": "both",
    "PNVL3.SA": "holdings",
    "POSI3.SA": "model",
    "PRIO3.SA": "model",
    "PRNR3.SA": "model",
    "PSSA3.SA": "holdings",
    "RANI3.SA": "holdings",
    "SAPR11.SA": "model",
    "SLCE3.SA": "both",
    "TEND3.SA": "model",
    "WEGE3.SA": "holdings"
  },
  "matrix": [
    [
      1.0,
      0.4507,
      0.3764,
      0.358,
      0.269,
      0.1794,
      0.3635,
      0.4944,
      0.3239,
      0.051,
      0.1916,
      0.2921,
      0.6019,
      0.5276,
      0.5497,
      0.0471,
      0.3996,
      -0.0498,
      0.4458,
      0.3676,
      0.4867
    ],
    [
      0.4507,
      1.0,
      0.3213,
      0.3453,
      0.1863,
      0.1759,
      0.2606,
      0.378,
      0.2874,
      0.0302,
      0.1858,
      0.2354,
      0.5533,
      0.4396,
      0.4324,
      0.0017,
      0.3688,
      -0.0293,
      0.4057,
      0.4001,
      0.4342
    ],
    [
      0.3764,
      0.3213,
      1.0,
      0.2802,
      0.2089,
      0.2068,
      0.4374,
      0.2464,
      0.2929,
      -0.0321,
      0.1465,
      0.1595,
      0.4245,
      0.2962,
      0.3313,
      0.0034,
      0.1933,
      -0.0959,
      0.2123,
      0.226,
      0.2495
    ],
    [
      0.358,
      0.3453,
      0.2802,
      1.0,
      0.1813,
      0.133,
      0.2267,
      0.3001,
      0.4142,
      0.0776,
      0.2579,
      0.2762,
      0.3656,
      0.2972,
      0.3412,
      0.0738,
      0.2777,
      0.0054,
      0.3263,
      0.3252,
      0.3381
    ],
    [
      0.269,
      0.1863,
      0.2089,
      0.1813,
      1.0,
      -0.0316,
      0.2567,
      0.252,
      0.2268,
      -0.0909,
      0.1091,
      0.1284,
      0.2315,
      0.2306,
      0.2725,
      -0.1075,
      0.1071,
      -0.0447,
      0.2193,
      0.1954,
      0.1853
    ],
    [
      0.1794,
      0.1759,
      0.2068,
      0.133,
      -0.0316,
      1.0,
      0.1164,
      0.0964,
      0.0955,
      0.0487,
      0.1147,
      0.1341,
      0.1427,
      0.1348,
      0.1434,
      0.0518,
      0.1837,
      -0.0223,
      0.096,
      0.1299,
      0.1114
    ],
    [
      0.3635,
      0.2606,
      0.4374,
      0.2267,
      0.2567,
      0.1164,
      1.0,
      0.3063,
      0.2835,
      0.0486,
      0.1279,
      0.188,
      0.2675,
      0.2124,
      0.2229,
      0.0488,
      0.1931,
      -0.0225,
      0.1215,
      0.2343,
      0.2133
    ],
    [
      0.4944,
      0.378,
      0.2464,
      0.3001,
      0.252,
      0.0964,
      0.3063,
      1.0,
      0.2481,
      0.0817,
      0.2442,
      0.2235,
      0.4017,
      0.3313,
      0.4426,
      0.088,
      0.2642,
      -0.0455,
      0.3592,
      0.3424,
      0.3481
    ],
    [
      0.3239,
      0.2874,
      0.2929,
      0.4142,
      0.2268,
      0.0955,
      0.2835,
      0.2481,
      1.0,
      -0.0049,
      0.1543,
      0.1996,
      0.3162,
      0.2346,
      0.3185,
      0.0017,
      0.2156,
      -0.0417,
      0.2048,
      0.1906,
      0.1746
    ],
    [
      0.051,
      0.0302,
      -0.0321,
      0.0776,
      -0.0909,
      0.0487,
      0.0486,
      0.0817,
      -0.0049,
      1.0,
      0.2537,
      -0.0137,
      0.0222,
      -0.0713,
      -0.0001,
      0.9666,
      0.1102,
      0.5781,
      -0.0057,
      0.0328,
      0.0632
    ],
    [
      0.1916,
      0.1858,
      0.1465,
      0.2579,
      0.1091,
      0.1147,
      0.1279,
      0.2442,
      0.1543,
      0.2537,
      1.0,
      0.1826,
      0.1661,
      0.1113,
      0.1343,
      0.2648,
      0.3007,
      0.1694,
      0.2415,
      0.1659,
      0.2066
    ],
    [
      0.2921,
      0.2354,
      0.1595,
      0.2762,
      0.1284,
      0.1341,
      0.188,
      0.2235,
      0.1996,
      -0.0137,
      0.1826,
      1.0,
      0.2938,
      0.2376,
      0.3117,
      -0.0247,
      0.1642,
      -0.175,
      0.2624,
      0.2124,
      0.2602
    ],
    [
      0.6019,
      0.5533,
      0.4245,
      0.3656,
      0.2315,
      0.1427,
      0.2675,
      0.4017,
      0.3162,
      0.0222,
      0.1661,
      0.2938,
      1.0,
      0.547,
      0.5606,
      0.0303,
      0.4599,
      -0.0801,
      0.4867,
      0.4353,
      0.5121
    ],
    [
      0.5276,
      0.4396,
      0.2962,
      0.2972,
      0.2306,
      0.1348,
      0.2124,
      0.3313,
      0.2346,
      -0.0713,
      0.1113,
      0.2376,
      0.547,
      1.0,
      0.4106,
      -0.0667,
      0.4212,
      -0.1818,
      0.4214,
      0.3433,
      0.6484
    ],
    [
      0.5497,
      0.4324,
      0.3313,
      0.3412,
      0.2725,
      0.1434,
      0.2229,
      0.4426,
      0.3185,
      -0.0001,
      0.1343,
      0.3117,
      0.5606,
      0.4106,
      1.0,
      -0.0115,
      0.3628,
      -0.0348,
      0.4214,
      0.3987,
      0.4275
    ],
    [
      0.0471,
      0.0017,
      0.0034,
      0.0738,
      -0.1075,
      0.0518,
      0.0488,
      0.088,
      0.0017,
      0.9666,
      0.2648,
      -0.0247,
      0.0303,
      -0.0667,
      -0.0115,
      1.0,
      0.1057,
      0.5528,
      0.0069,
      0.026,
      0.0832
    ],
    [
      0.3996,
      0.3688,
      0.1933,
      0.2777,
      0.1071,
      0.1837,
      0.1931,
      0.2642,
      0.2156,
      0.1102,
      0.3007,
      0.1642,
      0.4599,
      0.4212,
      0.3628,
      0.1057,
      1.0,
      -0.0282,
      0.3575,
      0.3085,
      0.3825
    ],
    [
      -0.0498,
      -0.0293,
      -0.0959,
      0.0054,
      -0.0447,
      -0.0223,
      -0.0225,
      -0.0455,
      -0.0417,
      0.5781,
      0.1694,
      -0.175,
      -0.0801,
      -0.1818,
      -0.0348,
      0.5528,
      -0.0282,
      1.0,
      -0.0153,
      -0.0197,
      -0.1023
    ],
    [
      0.4458,
      0.4057,
      0.2123,
      0.3263,
      0.2193,
      0.096,
      0.1215,
      0.3592,
      0.2048,
      -0.0057,
      0.2415,
      0.2624,
      0.4867,
      0.4214,
      0.4214,
      0.0069,
      0.3575,
      -0.0153,
      1.0,
      0.268,
      0.3772
    ],
    [
      0.3676,
      0.4001,
      0.226,
      0.3252,
      0.1954,
      0.1299,
      0.2343,
      0.3424,
      0.1906,
      0.0328,
      0.1659,
      0.2124,
      0.4353,
      0.3433,
      0.3987,
      0.026,
      0.3085,
      -0.0197,
      0.268,
      1.0,
      0.3221
    ],
    [
      0.4867,
      0.4342,
      0.2495,
      0.3381,
      0.1853,
      0.1114,
      0.2133,
      0.3481,
      0.1746,
      0.0632,
      0.2066,
      0.2602,
      0.5121,
      0.6484,
      0.4275,
      0.0832,
      0.3825,
      -0.1023,
      0.3772,
      0.3221,
      1.0
    ]
  ]
}