{
  "date": "2026-06-16",
  "window_days": 251,
  "tickers": [
    "BBSE3.SA",
    "ISAE4.SA",
    "RANI3.SA",
    "AMBP3.SA",
    "CMIG3.SA",
    "KLBN4.SA",
    "PETR4.SA",
    "PNVL3.SA",
    "PSSA3.SA",
    "SLCE3.SA",
    "WEGE3.SA",
    "AURA33.SA",
    "ENGI11.SA",
    "MDNE3.SA",
    "ORVR3.SA",
    "PETR3.SA",
    "POSI3.SA",
    "PRIO3.SA",
    "SEER3.SA",
    "TEND3.SA"
  ],
  "groups": {
    "AMBP3.SA": "both",
    "AURA33.SA": "model",
    "BBSE3.SA": "holdings",
    "CMIG3.SA": "both",
    "ENGI11.SA": "model",
    "ISAE4.SA": "holdings",
    "KLBN4.SA": "both",
    "MDNE3.SA": "model",
    "ORVR3.SA": "model",
    "PETR3.SA": "model",
    "PETR4.SA": "both",
    "PNVL3.SA": "both",
    "POSI3.SA": "model",
    "PRIO3.SA": "model",
    "PSSA3.SA": "both",
    "RANI3.SA": "holdings",
    "SEER3.SA": "model",
    "SLCE3.SA": "both",
    "TEND3.SA": "model",
    "WEGE3.SA": "both"
  },
  "matrix": [
    [
      1.0,
      0.3682,
      0.2397,
      0.1249,
      0.2998,
      0.2737,
      0.0648,
      0.2781,
      0.4472,
      0.126,
      0.2462,
      0.1894,
      0.3473,
      0.228,
      0.2111,
      0.0643,
      0.2115,
      -0.022,
      0.2497,
      0.2161
    ],
    [
      0.3682,
      1.0,
      0.3629,
      0.1834,
      0.4978,
      0.328,
      0.0359,
      0.451,
      0.3766,
      0.1702,
      0.2739,
      0.302,
      0.665,
      0.5177,
      0.5473,
      0.0321,
      0.4117,
      -0.0655,
      0.3326,
      0.4859
    ],
    [
      0.2397,
      0.3629,
      1.0,
      0.1463,
      0.321,
      0.433,
      0.0699,
      0.3547,
      0.2855,
      0.2362,
      0.1893,
      0.2662,
      0.3966,
      0.3288,
      0.3481,
      0.0701,
      0.2688,
      0.0076,
      0.1985,
      0.3552
    ],
    [
      0.1249,
      0.1834,
      0.1463,
      1.0,
      0.0966,
      0.0912,
      0.0557,
      0.1893,
      0.2125,
      0.1117,
      -0.0332,
      0.1364,
      0.1383,
      0.1178,
      0.1441,
      0.0558,
      0.1944,
      -0.0168,
      0.0968,
      0.1182
    ],
    [
      0.2998,
      0.4978,
      0.321,
      0.0966,
      1.0,
      0.2482,
      0.0895,
      0.3785,
      0.2481,
      0.2419,
      0.2529,
      0.2293,
      0.4894,
      0.3467,
      0.4455,
      0.0933,
      0.274,
      -0.0432,
      0.1953,
      0.347
    ],
    [
      0.2737,
      0.328,
      0.433,
      0.0912,
      0.2482,
      1.0,
      0.0005,
      0.28,
      0.2956,
      0.1484,
      0.2316,
      0.2144,
      0.3686,
      0.245,
      0.3216,
      0.0034,
      0.2201,
      -0.0392,
      0.1765,
      0.1668
    ],
    [
      0.0648,
      0.0359,
      0.0699,
      0.0557,
      0.0895,
      0.0005,
      1.0,
      0.0421,
      -0.0409,
      0.2619,
      -0.0905,
      -0.0576,
      0.1061,
      -0.0203,
      0.0084,
      0.9673,
      0.0873,
      0.6006,
      0.0638,
      0.0839
    ],
    [
      0.2781,
      0.451,
      0.3547,
      0.1893,
      0.3785,
      0.28,
      0.0421,
      1.0,
      0.3235,
      0.1699,
      0.1833,
      0.2265,
      0.529,
      0.4256,
      0.4261,
      0.0108,
      0.379,
      -0.0191,
      0.3794,
      0.4413
    ],
    [
      0.4472,
      0.3766,
      0.2855,
      0.2125,
      0.2481,
      0.2956,
      -0.0409,
      0.3235,
      1.0,
      0.1292,
      0.2104,
      0.1655,
      0.4251,
      0.3542,
      0.3228,
      -0.0055,
      0.2096,
      -0.0932,
      0.2702,
      0.2606
    ],
    [
      0.126,
      0.1702,
      0.2362,
      0.1117,
      0.2419,
      0.1484,
      0.2619,
      0.1699,
      0.1292,
      1.0,
      0.1024,
      0.1432,
      0.2217,
      0.1036,
      0.1266,
      0.2761,
      0.2679,
      0.1826,
      0.0817,
      0.2047
    ],
    [
      0.2462,
      0.2739,
      0.1893,
      -0.0332,
      0.2529,
      0.2316,
      -0.0905,
      0.1833,
      0.2104,
      0.1024,
      1.0,
      0.1372,
      0.3159,
      0.1555,
      0.2753,
      -0.1074,
      0.1111,
      -0.0492,
      0.1814,
      0.1806
    ],
    [
      0.1894,
      0.302,
      0.2662,
      0.1364,
      0.2293,
      0.2144,
      -0.0576,
      0.2265,
      0.1655,
      0.1432,
      0.1372,
      1.0,
      0.3105,
      0.2915,
      0.3068,
      -0.0638,
      0.185,
      -0.2056,
      0.1434,
      0.2634
    ],
    [
      0.3473,
      0.665,
      0.3966,
      0.1383,
      0.4894,
      0.3686,
      0.1061,
      0.529,
      0.4251,
      0.2217,
      0.3159,
      0.3105,
      1.0,
      0.5517,
      0.6169,
      0.0986,
      0.5161,
      -0.038,
      0.3954,
      0.5333
    ],
    [
      0.228,
      0.5177,
      0.3288,
      0.1178,
      0.3467,
      0.245,
      -0.0203,
      0.4256,
      0.3542,
      0.1036,
      0.1555,
      0.2915,
      0.5517,
      1.0,
      0.452,
      -0.0157,
      0.3363,
      -0.1457,
      0.3635,
      0.6098
    ],
    [
      0.2111,
      0.5473,
      0.3481,
      0.1441,
      0.4455,
      0.3216,
      0.0084,
      0.4261,
      0.3228,
      0.1266,
      0.2753,
      0.3068,
      0.6169,
      0.452,
      1.0,
      -0.0044,
      0.3561,
      -0.0357,
      0.3314,
      0.4203
    ],
    [
      0.0643,
      0.0321,
      0.0701,
      0.0558,
      0.0933,
      0.0034,
      0.9673,
      0.0108,
      -0.0055,
      0.2761,
      -0.1074,
      -0.0638,
      0.0986,
      -0.0157,
      -0.0044,
      1.0,
      0.0851,
      0.5751,
      0.0779,
      0.1007
    ],
    [
      0.2115,
      0.4117,
      0.2688,
      0.1944,
      0.274,
      0.2201,
      0.0873,
      0.379,
      0.2096,
      0.2679,
      0.1111,
      0.185,
      0.5161,
      0.3363,
      0.3561,
      0.0851,
      1.0,
      -0.0504,
      0.2539,
      0.3883
    ],
    [
      -0.022,
      -0.0655,
      0.0076,
      -0.0168,
      -0.0432,
      -0.0392,
      0.6006,
      -0.0191,
      -0.0932,
      0.1826,
      -0.0492,
      -0.2056,
      -0.038,
      -0.1457,
      -0.0357,
      0.5751,
      -0.0504,
      1.0,
      -0.0265,
      -0.094
    ],
    [
      0.2497,
      0.3326,
      0.1985,
      0.0968,
      0.1953,
      0.1765,
      0.0638,
      0.3794,
      0.2702,
      0.0817,
      0.1814,
      0.1434,
      0.3954,
      0.3635,
      0.3314,
      0.0779,
      0.2539,
      -0.0265,
      1.0,
      0.3063
    ],
    [
      0.2161,
      0.4859,
      0.3552,
      0.1182,
      0.347,
      0.1668,
      0.0839,
      0.4413,
      0.2606,
      0.2047,
      0.1806,
      0.2634,
      0.5333,
      0.6098,
      0.4203,
      0.1007,
      0.3883,
      -0.094,
      0.3063,
      1.0
    ]
  ]
}