{
  "date": "2026-04-24",
  "window_days": 218,
  "tickers": [
    "CMIG3.SA",
    "JBSS32.SA",
    "KLBN4.SA",
    "MDNE3.SA",
    "PETR3.SA",
    "PETR4.SA",
    "PLPL3.SA",
    "PRIO3.SA",
    "SAPR11.SA",
    "TEND3.SA",
    "VALE3.SA",
    "VULC3.SA",
    "WEGE3.SA",
    "AMBP3.SA",
    "FRAS3.SA"
  ],
  "groups": {
    "AMBP3.SA": "model",
    "CMIG3.SA": "both",
    "FRAS3.SA": "model",
    "JBSS32.SA": "both",
    "KLBN4.SA": "both",
    "MDNE3.SA": "both",
    "PETR3.SA": "both",
    "PETR4.SA": "both",
    "PLPL3.SA": "both",
    "PRIO3.SA": "both",
    "SAPR11.SA": "both",
    "TEND3.SA": "both",
    "VALE3.SA": "both",
    "VULC3.SA": "both",
    "WEGE3.SA": "both"
  },
  "matrix": [
    [
      1.0,
      0.0993,
      0.2709,
      0.2951,
      0.127,
      0.1206,
      0.3096,
      -0.0056,
      0.34,
      0.3239,
      0.2156,
      0.3224,
      0.2294,
      0.107,
      0.1972
    ],
    [
      0.0993,
      1.0,
      0.1572,
      0.0252,
      0.0058,
      0.0158,
      0.1227,
      -0.0607,
      0.1295,
      0.0332,
      0.1237,
      0.0486,
      0.1337,
      0.1268,
      0.0204
    ],
    [
      0.2709,
      0.1572,
      1.0,
      0.2444,
      0.0379,
      0.0391,
      0.2848,
      0.0084,
      0.1925,
      0.1922,
      0.3446,
      0.2753,
      0.2003,
      0.0977,
      0.2477
    ],
    [
      0.2951,
      0.0252,
      0.2444,
      1.0,
      -0.0027,
      -0.0138,
      0.542,
      -0.0917,
      0.2973,
      0.5727,
      0.157,
      0.4059,
      0.1382,
      0.11,
      0.3964
    ],
    [
      0.127,
      0.0058,
      0.0379,
      -0.0027,
      1.0,
      0.9668,
      0.074,
      0.5518,
      0.0811,
      0.1759,
      -0.0466,
      -0.0141,
      -0.0492,
      0.0665,
      0.137
    ],
    [
      0.1206,
      0.0158,
      0.0391,
      -0.0138,
      0.9668,
      1.0,
      0.0715,
      0.5738,
      0.0675,
      0.1451,
      -0.0411,
      -0.0194,
      -0.0349,
      0.0652,
      0.1138
    ],
    [
      0.3096,
      0.1227,
      0.2848,
      0.542,
      0.074,
      0.0715,
      1.0,
      -0.1089,
      0.2435,
      0.6282,
      0.1866,
      0.4206,
      0.1968,
      0.1495,
      0.3301
    ],
    [
      -0.0056,
      -0.0607,
      0.0084,
      -0.0917,
      0.5518,
      0.5738,
      -0.1089,
      1.0,
      0.0277,
      -0.0302,
      -0.0577,
      -0.0753,
      0.0021,
      -0.0155,
      0.0314
    ],
    [
      0.34,
      0.1295,
      0.1925,
      0.2973,
      0.0811,
      0.0675,
      0.2435,
      0.0277,
      1.0,
      0.2637,
      0.1449,
      0.2327,
      0.1824,
      0.1425,
      0.2334
    ],
    [
      0.3239,
      0.0332,
      0.1922,
      0.5727,
      0.1759,
      0.1451,
      0.6282,
      -0.0302,
      0.2637,
      1.0,
      0.0854,
      0.3468,
      0.171,
      0.1115,
      0.3647
    ],
    [
      0.2156,
      0.1237,
      0.3446,
      0.157,
      -0.0466,
      -0.0411,
      0.1866,
      -0.0577,
      0.1449,
      0.0854,
      1.0,
      0.1887,
      0.1735,
      0.0924,
      0.146
    ],
    [
      0.3224,
      0.0486,
      0.2753,
      0.4059,
      -0.0141,
      -0.0194,
      0.4206,
      -0.0753,
      0.2327,
      0.3468,
      0.1887,
      1.0,
      0.1387,
      0.0555,
      0.399
    ],
    [
      0.2294,
      0.1337,
      0.2003,
      0.1382,
      -0.0492,
      -0.0349,
      0.1968,
      0.0021,
      0.1824,
      0.171,
      0.1735,
      0.1387,
      1.0,
      -0.0222,
      0.1594
    ],
    [
      0.107,
      0.1268,
      0.0977,
      0.11,
      0.0665,
      0.0652,
      0.1495,
      -0.0155,
      0.1425,
      0.1115,
      0.0924,
      0.0555,
      -0.0222,
      1.0,
      0.1123
    ],
    [
      0.1972,
      0.0204,
      0.2477,
      0.3964,
      0.137,
      0.1138,
      0.3301,
      0.0314,
      0.2334,
      0.3647,
      0.146,
      0.399,
      0.1594,
      0.1123,
      1.0
    ]
  ]
}