{
  "date": "2026-04-14",
  "window_days": 211,
  "tickers": [
    "AURA33.SA",
    "CMIG3.SA",
    "MDNE3.SA",
    "PETR3.SA",
    "PLPL3.SA",
    "SAPR11.SA",
    "TEND3.SA",
    "VALE3.SA",
    "VULC3.SA",
    "JBSS32.SA",
    "KLBN4.SA",
    "NEOE3.SA",
    "PRNR3.SA"
  ],
  "groups": {
    "AURA33.SA": "both",
    "CMIG3.SA": "both",
    "JBSS32.SA": "model",
    "KLBN4.SA": "model",
    "MDNE3.SA": "both",
    "NEOE3.SA": "model",
    "PETR3.SA": "both",
    "PLPL3.SA": "both",
    "PRNR3.SA": "model",
    "SAPR11.SA": "both",
    "TEND3.SA": "both",
    "VALE3.SA": "both",
    "VULC3.SA": "both"
  },
  "matrix": [
    [
      1.0,
      0.1715,
      0.2345,
      0.017,
      0.2522,
      0.1803,
      0.1888,
      0.3644,
      0.095,
      0.1299,
      0.2087,
      0.0774,
      0.2323
    ],
    [
      0.1715,
      1.0,
      0.2849,
      0.1662,
      0.2671,
      0.3629,
      0.3068,
      0.1935,
      0.2873,
      0.0795,
      0.2475,
      0.1596,
      0.289
    ],
    [
      0.2345,
      0.2849,
      1.0,
      0.0107,
      0.552,
      0.3047,
      0.569,
      0.1436,
      0.3988,
      0.013,
      0.232,
      0.2723,
      0.4533
    ],
    [
      0.017,
      0.1662,
      0.0107,
      1.0,
      0.0908,
      0.0718,
      0.1957,
      -0.0086,
      0.0159,
      -0.0133,
      0.0452,
      0.0104,
      0.0429
    ],
    [
      0.2522,
      0.2671,
      0.552,
      0.0908,
      1.0,
      0.2604,
      0.6337,
      0.1785,
      0.4162,
      0.1126,
      0.2737,
      0.2452,
      0.2977
    ],
    [
      0.1803,
      0.3629,
      0.3047,
      0.0718,
      0.2604,
      1.0,
      0.2678,
      0.1636,
      0.2486,
      0.138,
      0.2086,
      0.2049,
      0.3123
    ],
    [
      0.1888,
      0.3068,
      0.569,
      0.1957,
      0.6337,
      0.2678,
      1.0,
      0.0736,
      0.3384,
      0.0209,
      0.1755,
      0.2388,
      0.3349
    ],
    [
      0.3644,
      0.1935,
      0.1436,
      -0.0086,
      0.1785,
      0.1636,
      0.0736,
      1.0,
      0.1641,
      0.12,
      0.3366,
      0.0312,
      0.2352
    ],
    [
      0.095,
      0.2873,
      0.3988,
      0.0159,
      0.4162,
      0.2486,
      0.3384,
      0.1641,
      1.0,
      0.0369,
      0.261,
      0.2069,
      0.3626
    ],
    [
      0.1299,
      0.0795,
      0.013,
      -0.0133,
      0.1126,
      0.138,
      0.0209,
      0.12,
      0.0369,
      1.0,
      0.1347,
      0.0912,
      0.0978
    ],
    [
      0.2087,
      0.2475,
      0.232,
      0.0452,
      0.2737,
      0.2086,
      0.1755,
      0.3366,
      0.261,
      0.1347,
      1.0,
      0.0591,
      0.2575
    ],
    [
      0.0774,
      0.1596,
      0.2723,
      0.0104,
      0.2452,
      0.2049,
      0.2388,
      0.0312,
      0.2069,
      0.0912,
      0.0591,
      1.0,
      0.1126
    ],
    [
      0.2323,
      0.289,
      0.4533,
      0.0429,
      0.2977,
      0.3123,
      0.3349,
      0.2352,
      0.3626,
      0.0978,
      0.2575,
      0.1126,
      1.0
    ]
  ]
}